0 0 286 400 498 573 677 690 764 950 970 1185 1361 1485 1844 2079 2123 2218 2279 2676 3018 3132 3599 4098 4677 5302 5914 6126 6132 6164 6236 6506 7349 9404 9742 10051 10113 10418 10513
1 1 30 59 93 378 1502 1896 1909 2526 2558 2920 2958 3563 3642 3644 3727 3787 4385 4598 4658 6081 6956 7045 7061 7517 7559 7717 7830 7910 8316 8636 9034 9035 9211 9218 9477 9577 10436
2 2 119 336 588 604 665 841 850 922 1490 1548 1828 2118 2503 2518 2691 2698 2715 2758 2940 3143 3441 3564 3622 4034 4390 4514 4899 5119 5122 5777 5838 6076 6274 6902 7443 9277 9798 9829
3 3 326 582 974 1201 1212 1225 1573 1610 1656 1706 1709 1848 1959 2069 2487 2814 3091 3233 3509 3968 4035 4074 4139 4252 4253 4342 4415 4416 4417 4418 4468 4469 4762 4802 4805 4872 4875 4948 4949 5077 5200 5282 5331 5413 5474 5617 5703 5735 5737 5927 5945 5946 5947 5949 5964 6023 6337 6505 6567 6649 6653 6717 6804 7001 7109 7110 7164 7178 7203 7204 7215 7266 7267 7268 7391 7551 7760 7787 7800 7801 7802 7803 7975 8058 8244 8512 8575 8782 9044 9090 9223 9321 9322 9325 9465 9470 9552 9554 9555 9557 9654 9737 9738 9783 9785 10252 10320 10475
4 4 92 238 239 383 473 713 925 1011 1047 1507 1547 1718 1726 1738 1955 2015 2019 2132 2136 2137 2189 2670 2737 2785 3427 3544 3639 3641 3657 3786 3802 4476 4478 4479 4624 4660 4689 4738 4740 4902 5187 5190 5536 5984 6256 6322 6324 6461 6715 7106 7107 7108 7346 7413 7759 8157 8478 8985 9020 9263 9380 9494 9662 10144 10217 10583 10741
5 5 339 420 921 1016 1736 1753 2067 2330 2488 2635 2673 2686 2700 3159 3246 3841 4179 4204 4829 4864 4916 4999 5087 5204 5205 5284 5297 5332 5468 5586 5601 5720 5723 5783 5797 6077 6490 6814 6939 7409 7549 7609 7926 8219
6 6 260 263 689 787 881 907 911 1545 1862 2102 2141 2329 2432 2496 3059 3146 3156 3404 3650 3754 3826 3906 4003 4005 4097 4099 4100 4103 4255 4345 4522 4978 4979 5056 5860 5920 7150 7616 7774 8123 8821 8907 9053 9267 10379 10569 10597
7 7 64 377 381 629 808 1756 1757 1758 1803 2942 3455 3457 3707 3776 3777 3779 3832 4010 4011 4012 4013 4670 4759 4923 5223 5224 5466 5580 5796 5807 6301 6405 6421 6501 6502 6601 6627 6630 6742 6744 6842 7072 7116 7323 7331 7384 8055 8056 8061 8441 8455 8681 8690 8721 8731 9099 9268 9272 9820 9822 9943 9944 10556 10776
8 8 115 143 148 504 631 633 1101 1352 1417 1419 1486 1707 1729 1885 1982 2039 2223 2401 2408 2443 2720 3066 3068 3069 3071 3862 3863 3864 4128 4193 4420 4489 4490 4537 4639 4706 5295 5348 5779 6007 6034 6036 6037 6175 6268 6410 6528 6713 6782 6815 6970 6975 7118 7350 7351 7625 7626 7713 7825 7826 7827 8062 8079 8080 8174 8264 8558 8675 9127 9129 9130 9132 9133 9385 9534 9621 9714 9733 9808 9988 10189 10715
9 9 334 784 1068 1460 1616 1864 1880 2031 2050 2258 2671 2788 2892 3062 3477 4233 4378 4697 5607 5623 5624 5650 5700 5968 7034 7282 7646 7727 7971 8222 8283 9097 10146
10 10 126 163 306 516 525 1164 1426 1629 1958 2411 2445 2554 2623 2850 3795 4676 5124 5862 8386 10299
11 11 134 140 413 563 613 818 1089 1326 1451 2313 2467 2708 2748 2782 2784 2878 2948 3079 3087 3108 3887 3984 4106 4122 4384 4865 4943 5289 5502 5826 6195 6423 6532 6770 6807 7120 7320 7371 7615 7861 8002 8116 8176 8239 8240 8481 8799 8870 8920 9039 9041 9042 9058 9075 9076 9083 9115 9152 9153 9238 9274 9350 9442 9457 9559 9589 9623 9787 9984 10271 10672 10716 10775
12 340 502 684 1040 1104 1131 1276 1426 1435 1613 1824 2274 2339 2352 2465 2543 3363 3426 3545 3587 3624 3726 3812 4039 4337 4480 4542 4650 4666 4676 4933 4966 5176 5485 5667 6083 6165 6242 6662 7059 7251 7280 7662 7675 8245 8610 8624 8902 9214 9401 9634 9656 10464 10740
13 13 100 196 311 732 733 737 746 748 891 935 1291 1429 1474 1788 2047 2143 2231 2232 2255 2387 2414 2529 2719 2984 3019 3032 3208 3677 3688 3799 4678 4768 5421 5671 6954 9036 9184 10099 10756 10757
14 14 177 255 257 663 1139 2121 2261 2409 2990 3029 3736 4165 4167 4297 4301 4429 4461 4493 5138 5139 5316 5318 5319 5425 6127 6128 6137 6345 6638 6663 6746 6820 6909 6911 7170 7292 7293 7295 7301 7378 7379 7639 7742 7744 7779 7841 7887 7960 8013 8027 8337 8338 8383 8515 8852 9426 9521 9522 9523 9524 9525 9543 9568 9670 9895 10046 10143 10283 10330 10566 10568 10587 10659 10692 10719 10720 10746
15 15 18 85 174 176 280 509 855 976 1117 1296 1751 1797 2080 2125 2169 3258 3446 3502 3535 3636 3738 3740 3741 4273 4274 4275 4277 4324 4326 4605 5009 5351 5462 6012 6166 6168 6169 6660 6661 6748 6790 6802 6803 7573 7706 7733 7734 7735 8299 8300 8434 8546 8570 8668 8797 9072 9073 9079 9181 9479 9600 9791 9792 9874 9875 9918 9991 10478 10802
16 16 99 113 224 285 409 530 612 745 1028 1086 1175 1177 1180 1181 1218 1220 1355 1647 1748 1783 1919 2068 2122 2420 2422 2457 2511 2512 2513 2514 2515 2516 2714 2718 2812 2926 3002 3003 3005 3349 3350 3515 3560 3561 3562 3579 3992 4564 4637 4834 4837 4926 5105 5207 5268 5439 5641 5643 5644 5645 5677 6302 6517 6520 6521 6522 6523 6885 6953 7041 7252 7260 7452 7538 7728 7796 7816 8736 8820 8857 9001 9240 9294 9833 9948 10032 10270 10689 10782
17 19 45 106 214 219 335 402 408 421 436 901 939 957 1014 1015 1082 1357 1551 1888 1938 2310 2437 2446 2608 2703 2836 2949 3082 3183 3695 3818 3824 3903 3939 4434 4436 4451 4549 4905 4942 4959 5002 5431 5676 5986 6080 6286 8205 8617 8887 8917 9021 9086 9351 9353 9422 9965 10626 10766
18 20 251 959 1034 1058 1179 1208 1508 1509 1516 1587 1619 1921 2176 2177 2179 2181 2285 2509 2578 2580 2605 2609 2733 2847 2865 2891 2894 2941 3123 3403 3405 3654 4207 4721 4753 4794 4893 4921 5304 5305 5306 5417 5616 5780 6072 6131 6280 6584 6586 6976 7112 7756 8159 8615 8653 8655 8734 8812 8931 9113 9114 9136 9653 9858 9859 9979 10142 10156 10364 10365 10549 10753 10772 10773 10835
19 21 190 517 595 845 1030 1286 1307 1353 1780 2101 2222 2248 2250 2522 2692 2916 3176 3236 3317 3375 3482 3653 3825 4140 4235 4523 4709 5103 5195 5261 5556 5926 6794 6905 7029 7305 7558 7724 7815 9799 10133 10694
20 22 156 355 771 857 1087 1499 1671 1943 2011 2252 2497 2498 2499 2500 2591 2881 2902 2922 2986 3222 3318 3377 3428 3474 3510 3513 3602 3814 3893 4348 4502 4744 4846 5154 5249 5583 5638 5706 5901 6028 6047 6269 6382 6404 6540 6680 7213 8071 8415 8501 9014 9252 9642 9705 10424 10477
21 23 69 269 308 356 380 444 1224 1386 1481 1518 1544 1665 1668 1670 1804 1995 2082 2240 2380 2680 2734 3230 3255 3472 3473 3528 3570 3684 3869 3875 3917 3993 4054 4055 4056 4057 4058 4063 4161 4638 4811 4862 5256 5257 5258 5372 5377 5435 5739 5771 5795 5959 6104 6194 6364 6832 6839 6896 6898 6907 7258 7259 7261 7262 7263 7265 7299 7312 7333 7356 7454 7548 7659 7693 7969 8064 8065 8475 8521 8533 8534 8535 8541 8542 8543 8595 8856 9832 10627
22 24 27 28 487 979 1219 1235 1405 1562 1703 1987 2146 2287 2382 2463 2786 2821 2962 3220 3305 3468 3547 3550 3565 4029 4236 4503 4845 4880 4929 4967 5098 5273 5363 5408 5872 6167 6218 6417 6626 6752 6893 6928 7125 7392 7393 7564 7628 7645 7752 7870 7967 8111 8355 8790 9140 9291 9292 9393 9463 9604 9605 9934 10003 10019 10405 10623
23 25 26 67 293 294 295 296 298 299 354 994 1576 2451 2972 3063 3112 3140 3186 3187 3382 3391 3699 3701 3796 4072 4840 4891 4892 4894 5102 5140 5203 5456 5519 5520 5521 5522 5588 5717 6342 6743 7411 7503 7765 8060 8092 8094 8191 9103 9340 9342 9445 9860 9863 9972 10286 10302 10303 10357 10358 10447 10461 10469 10473 10545 10571 10572 10573 10574 10575 10584 10606 10848 10849 10850 10853
24 29 112 361 424 527 610 664 676 961 962 965 1036 1148 1360 1362 1382 1401 1402 1406 1408 1936 2227 2314 2319 2504 2617 2634 2713 2932 2976 2985 3127 3167 3203 3311 3312 3355 3469 3480 3508 3538 3543 3682 3784 3803 3804 3846 3851 3852 3856 3909 4135 4148 4284 4285 4287 4613 4662 4950 5084 5252 5253 5680 5698 5738 5832 5877 6129 6305 6306 6309 6316 6336 6460 6512 6855 6932 7033 7089 7297 7310 7311 7385 7569 7748 8004 8356 8453 8459 8612 8676 8710 8827 8828 8830 9199 9528 9814 9816 10139 10148 10175 10273
25 32 38 147 173 373 414 426 435 437 439 440 465 479 653 700 703 858 969 1184 1349 1939 1979 2073 2333 2510 2679 2779 2781 2855 2921 2923 2925 2927 3080 3130 3584 3842 3895 3950 3962 3964 4263 4382 4387 4470 4498 4830 4831 4931 5567 5594 5595 5656 5880 5943 5979 6065 6473 6636 6667 6755 6758 6974 7017 7038 7050 7051 7341 7692 7719 7720 7721 7791 7821 7934 7935 8187 8202 8203 8204 8287 8424 8436 8925 8926 9084 9171 9233 9391 9489 9547 9636 9743 9762 9763 9777 10137 10337 10725 10816 10817
26 33 467 626 1614 1626 1708 1857 1861 2077 2237 2238 2267 2403 2599 2659 3780 3994 4002 4495 4496 5432 5736 6185 6210 6700 6908 7436 8238 9441 9502 9786
27 34 35 36 261 800 816 981 982 983 986 1213 1743 2061 2066 2207 2211 2583 2872 2873 2997 3016 3193 3204 3261 3362 3367 3369 3370 3721 3907 3927 3967 4015 4039 4190 4218 4365 4366 4480 4814 5074 5145 5387 5553 5718 5730 5904 5906 5907 5916 5963 6350 6411 6424 6440 6442 6530 6556 6557 6558 6560 6623 6628 6923 6925 6936 6937 7160 7161 7162 7330 7344 7502 7848 7936 7937 7964 7970 7972 7973 8215 8567 8650 8705 8742 8889 8921 9003 9004 9213 9310 9311 9312 9488 9583 9661 9679 9811 9847 9848 9849 9936 9937 10018 10085 10152 10153 10190 10191 10253 10324 10325 10726 10744 10781 10810
28 37 107 443 469 614 831 908 1073 1074 1411 1482 1511 1515 1615 1617 1641 1643 1698 1702 1737 1785 1829 1831 1832 1935 1950 2295 2297 2345 2347 2373 2462 2607 2629 2639 2945 2951 3043 3399 3447 3448 3449 3464 3689 3764 3970 3973 4039 4073 4075 4085 4199 4200 4344 4346 4349 4480 4557 4851 4855 4856 4887 5072 5075 5133 5134 5135 5446 5447 5448 5449 5450 5451 5452 5453 5457 5507 5532 5571 5602 5632 5692 6009 6092 6193 6298 6300 6319 6321 6712 6722 6967 7015 7023 7128 7175 7201 7289 7430 7483 7484 7632 7867 7880 7903 7978 8105 8118 8229 8254 8256 8314 8354 8374 8376 8417 8428 8525 8566 8630 8631 8633 8671 8745 8757 8766 8791 8809 8945 8952 8968 9016 9017 9018 9025 9052 9087 9088 9092 9119 9120 9200 9304 9314 9327 9343 9407 9537 9598 9599 9757 9758 9760 9761 9801 9826 9898 9902 9926 9927 9929 9940 10192 10225 10226 10294 10295 10372 10431 10432 10433 10465 10517 10529 10531 10536 10598 10681 10703 10704 10714 10723 10847 10857 10859
29 39 316 991 1039 1101 1165 1166 1228 1247 1387 1588 1652 1696 1717 1720 1966 2147 2148 2150 2326 2443 2681 2895 3495 3686 4102 4136 4221 4222 4224 4396 4397 4398 4399 4400 4401 4402 4403 4413 4534 4585 4868 4932 4987 5005 5096 5193 5230 5250 5419 5420 5465 5576 5577 5579 5670 5846 5955 6101 6333 6334 6516 6542 6543 6546 6592 6620 6773 6853 6943 7002 7040 7415 7514 7601 7820 7824 7915 7920 7921 8001 8030 8150 8268 8269 8270 8271 8272 8273 8975 8977 8978 9151 9265 9364 9370 9386 9506 9672 9673 10064 10065 10307 10308 10309 10310 10311 10312 10313 10314 10315 10316 10390 10538 10539 10715
30 31 434 442 539 657 791 1023 1384 1564 1917 2268 2693 2763 3046 3184 3195 3496 3540 4526 4596 4844 5028 5335 5375 5477 5511 5702 5810 6372 6659 6697 6788 7575 8066 8297 8315 8462 8559 8883 8884 8895 8897 8900 8901 9637 9638 9707 9809 9865 9881 10187 10219 10385 10386 10416 10417 10437 10439 10541
31 40 44 77 234 236 284 404 493 558 559 560 794 823 938 956 967 992 1080 1081 1215 1234 1236 1237 1238 1240 1536 1578 1582 1749 1952 2089 2209 2296 2318 2321 2323 2444 2548 2550 2551 2572 2656 2657 2658 2751 2975 3129 3138 3139 3179 3323 3436 3481 3630 3635 3791 3801 3898 4027 4186 4267 4269 4359 4375 4425 4529 4530 4561 4597 4702 4760 4761 4763 4764 4791 4793 4801 4847 4903 4904 4907 4920 5064 5121 5351 5380 5383 5437 5497 5538 5596 5599 5652 5733 5749 5800 5902 5925 5928 5929 5930 5976 5993 6069 6075 6093 6211 6212 6214 6215 6454 6509 6510 6515 6575 6645 6646 6647 6701 6702 6703 6704 6768 7035 7250 7361 7496 7577 7589 7604 7606 7658 7660 7704 7741 7869 7984 7986 7987 8151 8152 8382 8392 8587 8588 8589 8700 9150 9161 9181 9352 9384 9561 9566 9866 9867 9868 9928 10066 10269 10288 10300 10301 10375 10377 10387 10399 10401 10448 10811 10826 10827 10829
32 41 652 832 919 960 1085 1271 1713 1734 2007 2012 2103 2111 2351 2413 2640 2950 3097 3306 3395 3523 3524 3618 3666 3669 3671 3841 4039 4480 4571 4689 4712 4731 4732 4857 4858 4859 4860 4861 5085 5226 5332 5489 5574 5693 5789 5820 5915 6049 6050 6289 6304 6569 6615 6736 6927 7210 7394 7560 7587 7588 7618 7653 7654 7655 7656 7767 8464 8465 8466 8485 8652 8772 8987 9232 9308 9435 9469 9494 9922 9997 10058 10095 10096 10350 10361 10383 10454 10474
33 42 216 720 721 1093 1097 1522 1809 2301 2472 2577 2856 2974 3265 3290 3573 3789 3883 4101 5296 5750 6207 6725 6800 6997 7055 7513 7602 7938 8091 8097 8444 8770 8840 9116 9290 9313 10293
34 43 136 323 418 523 526 528 556 915 934 993 1151 1463 1530 1916 2016 2552 2571 2614 2632 2663 2820 2849 3013 3660 3661 3708 3743 3929 4192 4211 4589 4790 4924 5110 5960 6206 6698 7218 8340 8890 9842
35 358 362 369 384 429 482 483 576 590 645 711 729 731 879 887 916 917 920 1371 1438 1450 1527 1533 1687 1785 1796 1849 1850 1854 1855 1929 1992 2159 2165 2170 2172 2173 2174 2549 2629 2772 2910 2968 3226 3280 3408 3549 3573 3712 3746 3747 3749 3753 3792 3794 3849 3911 4001 4045 4048 4419 4510 4664 4898 4930 5063 5697 6026 6056 6146 6148 6259 6261 6262 6388 6428 6439 6467 6561 6572 6621 6624 6625 6760 6779 6859 6861 7013 7097 7100 7101 7232 7447 7512 7520 7543 7586 7998 8005 8253 8260 8276 8277 8278 8279 8289 8290 8313 8430 8482 8829 8973 8988 9116 9372 9453 9485 9486 9839 9855 9903 9904 10067 10091 10201 10202 10353 10388 10400 10430 10698 10699
36 46 201 374 566 636 675 830 1144 1145 1303 1590 1650 1663 1669 1994 2241 2273 2780 2907 2911 3213 3530 3648 4020 4173 4535 5008 5303 5444 5686 5835 6112 6133 6228 6450 6451 6452 6456 6819 6878 7011 7111 7146 7147 7148 7448 7640 7641 7642 7643 7707 8384 8397 8398 8744 9006 9022 9141 9245 9497 9498 9622 10124 10125 10235 10250 10360 10492 10523
37 47 79 80 83 320 331 555 608 649 790 807 812 817 824 873 874 875 877 1008 1209 1210 1211 1214 1241 1397 1400 1444 1446 1637 1722 2045 2144 2468 2647 2746 2747 2754 2755 2766 3065 3211 3238 3299 3301 3339 3483 3511 3512 3761 3763 3799 4038 4095 4108 4112 4256 4283 4340 4408 4616 4625 4642 4774 4775 4776 4777 4778 4779 4780 4819 5040 5078 5079 5123 5148 5218 5237 5238 5239 5240 5241 5242 5243 5244 5245 5458 5523 5671 5674 5728 5803 5982 5998 6053 6086 6088 6089 6090 6327 6328 6436 6464 6607 6611 6612 6737 6766 6883 7190 7205 7206 7207 7342 7504 7729 7730 7828 7833 7901 7902 7912 7916 8009 8011 8012 8014 8049 8103 8167 8236 8325 8497 8498 8499 8500 8540 8618 8758 8785 8798 8847 8894 8919 8929 8992 8993 8994 9029 9134 9135 9137 9139 9208 9229 9230 9237 9276 9398 9458 9460 9503 9512 9514 9515 9687 9690 9700 9702 9837 9945 9946 9947 9990 9992 10092 10119 10257 10384 10503 10544 10669 10670 10738 10742 10864 10865 10866
38 48 204 634 680 712 740 753 836 949 1061 1143 1423 1480 1491 1948 3098 3126 3548 3580 3638 3866 4265 4309 4426 4428 4527 4742 4797 5127 5177 5265 5788 5836 5871 6462 7064 7124 8101 8127 9764 9841
39 49 894 989 1115 1263 1266 1267 1268 2049 2438 2455 2561 2666 2890 4176 4195 4368 4508 4661 4696 5351 5603 5740 5741 5742 5743 5761 6058 6059 6108 6156 6157 6720 6955 6979 7076 7155 7176 7316 7739 7909 8010 8046 8361 8362 8613 8619 8692 8693 8995 9181 9216 9217 9219 9408 9409 9710 9711 9869 10023 10132 10328 10486 10543 10592 10608 10805 10819
40 849 1069 1300 1428 1611 1870 1967 2043 2224 2327 2570 2649 2739 2914 3011 3380 3598 3735 3969 3987 4137 4216 4219 4727 4954 5036 5086 5104 5853 5855 5857 6205 6499 6604 6693 6856 6857 6863 7135 7242 7243 7244 7245 7246 7247 7248 7254 7784 7888 7907 8532 8781 8807 9894 10041 10229 10656 10767 10768 10858
41 153 245 265 568 628 1054 1090 1317 1620 1742 1949 2125 2384 2412 2438 2531 3085 3516 3551 3750 4069 4439 4452 4540 4546 5710 6378 6400 6747 6751 6787 7179 7476 8036 8189 8619 8942 9399 9960 9991 10005 10081 10688 10802
42 51 68 427 494 837 847 924 928 929 1094 1161 1338 1366 1373 1560 1954 2052 2375 2454 3453 3944 4004 4171 4181 4226 4258 4444 4481 4572 4883 4884 4885 4886 4890 4939 4951 4952 4953 4973 5118 5120 5395 5396 5475 5498 5513 5514 5856 5944 6020 6051 6122 6123 6124 6213 6288 6292 6475 6478 6977 6978 6980 6981 6982 6984 6985 6986 6987 6988 7122 7336 7337 7338 7472 7532 7533 7534 7584 7782 7808 7809 7810 7834 7898 8019 8020 8261 8307 8954 9117 9410 9769 9873 9958 9973 9974 9989 10241 10760 10784 10863
43 12 17 50 52 56 58 70 72 74 75 76 78 86 87 122 226 227 228 229 232 233 235 237 241 268 274 275 289 346 436 448 461 500 515 615 726 861 971 1025 1051 1077 1078 1196 1223 1239 1244 1273 1319 1321 1348 1398 1399 1465 1466 1467 1470 1477 1493 1525 1534 1539 1550 1552 1553 1554 1563 1596 1599 1600 1601 1640 1688 1790 1800 1805 1812 1822 1914 1942 1944 2018 2025 2060 2064 2081 2108 2110 2124 2128 2210 2284 2379 2410 2415 2421 2521 2538 2539 2541 2631 2641 2696 2745 2750 2753 2791 2822 2854 2879 2883 2884 2889 2908 2943 3041 3109 3110 3125 3190 3191 3263 3276 3296 3314 3316 3322 3335 3337 3340 3366 3456 3458 3459 3461 3463 3542 3593 3612 3616 3624 3664 3665 3732 3733 3734 3759 3783 3885 3924 3957 3959 3991 4000 4043 4082 4125 4128 4132 4133 4134 4152 4153 4154 4155 4156 4160 4164 4169 4178 4279 4362 4363 4364 4377 4409 4420 4424 4500 4501 4511 4512 4513 4516 4518 4538 4565 4634 4720 4748 4751 4781 4782 4866 4867 4933 4938 5021 5024 5033 5045 5060 5137 5146 5153 5266 5291 5336 5337 5338 5349 5385 5386 5401 5404 5440 5455 5472 5501 5561 5649 5711 5773 5816 5824 5827 5839 5841 5849 5882 5897 5954 6006 6031 6033 6057 6147 6188 6189 6209 6310 6366 6375 6376 6430 6431 6472 6494 6495 6503 6504 6507 6508 6551 6564 6565 6632 6674 6676 6677 6678 6682 6683 6684 6685 6721 6830 6852 6864 6865 6866 6868 6869 6926 6934 7020 7046 7052 7053 7127 7129 7137 7154 7165 7226 7386 7414 7427 7441 7621 7695 7697 7698 7699 7700 7702 7797 7908 7939 7982 7996 8098 8143 8172 8194 8195 8230 8243 8285 8295 8393 8394 8433 8495 8617 8621 8656 8657 8658 8659 8660 8663 8689 8725 8747 8805 8849 8854 8862 8876 8877 8878 8879 8909 8941 8956 8957 8979 8980 8981 8982 9126 9251 9275 9283 9284 9285 9286 9288 9397 9411 9425 9427 9432 9481 9493 9513 9540 9541 9542 9579 9586 9630 9631 9689 9877 9914 9915 9916 9954 10035 10121 10170 10172 10185 10208 10209 10245 10296 10297 10298 10304 10306 10392
44 82 102 169 193 412 449 639 741 851 882 884 902 905 906 1048 1248 1258 1260 1375 1498 1787 1795 1910 1922 1924 2221 2254 2406 2475 2546 2743 2937 2966 2967 2980 3038 3177 3356 3558 3559 3640 3921 4257 4463 4900 5278 5279 5280 5317 5487 5494 5587 5768 5866 5911 5985 5990 6291 6312 6485 6486 6487 6488 6827 7024 7313 7314 7368 7428 7610 7613 7755 7992 8246 8247 8432 8651 8930 8932 8933 9396 9451 9594 9749 9864 10105 10487 10540 10630
45 53 88 118 436 446 688 749 843 1083 1340 1432 1433 1744 1905 1990 2087 2428 2665 2984 3104 3189 3634 3793 3810 3841 3910 3999 4456 4539 5018 5332 6241 6775 6828 6916 7304 8231 8617 10015 10099 10722
46 117 365 407 466 557 567 1294 1306 1356 1712 2027 2213 2341 2348 2562 2989 3329 4247 4268 5345 5415 5463 5666 6225 7103 8192 8451 8580 8965 9121 9405
47 54 120 216 307 309 695 1183 1230 1439 1537 1768 2074 2353 2357 2365 2366 2429 2434 2524 2697 2699 2882 2931 2934 2935 3017 3295 3321 3466 3581 3631 3838 4220 4521 4562 4718 4989 5035 5220 5247 5422 5454 5823 5837 5840 6160 6176 6313 6429 6471 6533 6764 7069 7238 7598 7890 8097 8226 8649 8724 8726 8727 8817 8818 9606 9607 9641 9872 9876 10028 10653 10696 10861
48 159 171 187 267 272 643 736 1628 3232 3389 4202 4455 4671 5010 5414 5934 6271 6675 8003 8073 8308 9507
49 55 128 152 297 325 452 535 617 621 747 854 880 968 990 1005 1330 1557 1673 1750 1907 1912 1918 1938 1940 1978 1993 2062 2272 2527 2564 2582 2606 2642 2826 2837 2886 2901 2944 2947 2952 2953 2956 2957 3083 3181 3185 3422 3462 3623 3685 3824 3844 3847 3876 3937 4039 4047 4083 4121 4168 4175 4187 4248 4299 4303 4480 4600 4647 4719 4995 5001 5057 5147 5228 5254 5434 5578 5585 5679 5751 5765 5766 5767 5811 6063 6159 6329 6341 6619 6639 6708 6875 6929 7043 7075 7083 7149 7211 7217 7294 7418 7475 7523 7708 8035 8214 8387 8395 8576 8709 8806 8851 8951 9043 9098 9144 9271 9357 9553 9726 9892 10004 10069 10232 10352 10554 10577 10609 10663 10791 10809 10821 10874 10875
50 141 876 1193 1264 1298 1299 1842 1965 2290 2303 2800 3131 3485 3681 3757 4369 4818 4919 4955 5194 5315 5535 5965 6014 6055 6229 6247 6544 6692 6765 7718 8249 8298 8373 8480 8765 8778 9818 10442 10629 10807
51 57 398 401 430 455 456 457 459 1203 1426 1741 1782 1786 1845 1961 2057 2299 2336 2535 2704 2752 2885 2970 2984 3033 3081 3084 3250 3284 3285 3286 3334 3354 3416 3467 3486 3813 3907 3926 3971 4089 4096 4189 4191 4376 4676 4965 5390 5534 5660 5662 5724 5863 5899 5900 5961 5962 6158 6190 6196 6418 6589 6623 6651 6652 6706 7044 7574 7703 7965 8031 8077 8093 8131 8571 8620 8674 8824 8867 9055 9056 9063 9164 9301 9307 9562 10099 10181 10485 10758
52 65 319 379 405 425 478 510 596 601 846 848 1099 1395 1489 1672 1941 2056 2485 2490 2726 2761 3022 3040 3336 3594 3687 3884 3932 4067 4749 5053 5294 5355 5531 5604 5952 5953 6018 6412 6836 6838 7092 7228 7229 7373 7375 7493 7860 8241 9235 9977 10079 10445
53 66 531 719 1586 1618 1648 1841 1932 2009 2138 2196 2235 2288 2294 2536 3413 3902 4110 4129 4617 4736 5378 5547 5873 5935 6183 6263 6401 6427 7078 7163 7383 7473 7976 8388 8774 9033 9046 9138 9257 9349 9367 9793
54 30 59 202 481 547 646 685 793 816 872 885 909 910 912 1090 1271 1356 1462 1566 1934 2022 2057 2139 2140 2142 2372 2473 2474 2645 2732 2961 3027 3051 3081 3202 3204 3398 3401 3491 3517 3624 3756 3907 4124 4149 4150 4151 4170 4172 4187 4237 4605 4673 4675 4933 4965 4980 5405 5471 5503 5504 5505 5506 5508 5566 5574 5598 5895 6208 6243 6623 6668 6809 6822 6875 6889 6890 6931 7103 7179 7401 7408 7573 7629 8327 8442 8443 8567 8650 8831 8832 8833 8834 8913 8942 9064 9123 9250 9565 9580 9608 9676 9677 9678 9744 9938 10266 10267 10636 10637 10638 10639
55 60 310 329 330 333 769 1974 2424 2426 2480 2493 2661 2756 2765 2973 3662 4025 4466 5222 5370 5555 5591 5639 5647 5675 5759 5924 6353 7180 7485 7792 7985 8141 8367 8406 8490 8598 8664 8728 8743 8794 8795 8836 8837 8838 8839 8841 8844 8845 8928 8948 8960 9081 9082 9112 9154 9155 9253 9337 9363 9447 9472 9473 9520 9578 9640 9754 9776 9827 9955 10002 10147 10632 10633 10676 10693 10750 10869 10870
56 61 81 101 103 223 253 470 594 607 743 744 822 937 940 1173 1283 1445 2397 2684 2744 2824 2825 2950 2971 3004 3090 3297 3298 3383 3385 3387 3482 3618 3632 3868 3871 4144 4235 4278 4559 4603 4691 4711 4809 4854 4901 5006 5342 5423 5424 5486 5500 5657 5852 5869 5966 6113 6469 6862 6993 7234 7328 7823 8227 8228 8568 9264 9923
57 62 108 114 121 640 655 1033 1497 1633 1873 1898 1963 2349 2677 2783 2790 2868 2977 3153 3445 3765 3850 4142 4583 4651 5091 5848 6281 6476 6614 6938 7847 8447 8602 8714 10010 10030 10127 10129
58 63 462 497 738 853 1033 1288 1362 1459 1476 1926 2095 2166 2528 2652 3173 3351 3482 3506 3784 3897 4017 4230 4232 4235 4328 4792 5012 5412 5493 6947 7431 7701 8714 9957 10057 10327
59 591 623 1540 1592 1627 1799 2145 2281 2777 2797 3155 3165 3303 4358 4680 5206 5573 5685 6048 6941 7173 7596 9443 9510 10410 10735
60 151 192 254 370 570 715 1232 1333 1339 1512 1818 2184 2191 2672 2877 2954 3026 3105 3269 3421 3525 3600 3608 4126 4570 4663 5202 5560 5619 5794 5975 6001 6082 6374 6786 7644 8047 8368 9309 10265 10404 10752 10778
61 71 139 246 332 658 662 805 813 954 1032 1632 1806 1826 1960 2315 2417 3201 3217 3703 3704 3705 3931 4223 4372 4688 5067 5163 5201 5320 5540 5543 5708 5776 5778 6297 7042 7231 7424 7647 7650 7736 7737 8161 8293 8496 8642 8643 8670 8850 8911 8912 9095 9096 9162 9299 10130 10458 10459 10779 10803 10804
62 73 137 242 291 773 1580 2523 2760 3252 3333 3434 4086 4228 4314 4389 4449 4467 5307 5548 5820 6234 6276 6277 6278 6296 6326 6577 6673 6734 6821 6876 6877 6879 6880 6881 7005 7022 7066 7095 7210 7283 7469 7836 8145 8147 8336 8599 8718 8739 8762 8997 9067 9287 9480 9840 9879 10006 10007 10039 10159 10161 10685 10687
63 84 318 463 752 888 1200 1884 2008 2010 2013 2058 2063 2768 2900 3120 3200 3253 3341 3343 3432 3575 3915 3985 3986 4197 4244 4360 4555 4591 4881 5100 5299 5309 5752 6453 6823 6824 7518 7561 8138 8263 8423 8437 8719 9068 9069 9070 9104 9105 9328 9329 9330 9603 9805 9806 9807 9852 10016 10686
64 273 403 410 622 793 801 821 1004 1055 1132 1275 1514 1593 1773 1934 1947 2164 2306 2308 2312 2342 2517 2565 2646 2869 2915 3015 3088 3267 3378 3439 3487 3592 3714 3719 3782 3800 3873 3941 4026 4259 4604 4606 4705 4770 4771 4772 4773 5003 5031 5047 5076 5164 5438 5605 5627 5757 5896 6070 6307 6707 6769 6797 6858 6886 6894 6910 7167 7221 7366 7367 7554 7849 7852 8022 8079 8391 8558 8885 8967 9143 9305 9326 9361 9368 9423 9544 9546 9680 9706 9708 9834 9835
65 96 221 353 686 762 838 1018 1021 1064 1095 1270 1322 1325 2364 3028 3219 3273 3591 3877 3879 4104 4441 4628 4817 5175 5188 5251 5659 5754 6078 6117 6973 7047 7318 8309 8324 8800 8989 9281 9802 9850 10761
66 97 125 179 391 392 393 394 395 897 898 899 1171 2555 3162 3166 4962 5612 5613 5614 5829 7270 7591 7769 7900 9142
67 98 363 512 513 734 839 1163 1216 1376 1556 1865 1866 1867 1872 1874 1875 1876 1877 2259 2575 2613 2621 2660 2709 2741 3094 3241 3663 3919 3923 3958 3960 4208 4304 4305 4306 4307 4308 4485 4641 4643 4644 4659 4710 4787 4789 4877 4934 5169 5198 5260 5330 5529 5734 5833 6203 6204 6671 6672 6739 6750 6897 6912 6913 6914 6915 7216 7322 7889 8041 8296 8469 8470 8479 8677 8784 8906 8969 9065 9101 9102 9266 9347 9365 9649 9651 9917 10097 10126 10373
68 89 90 609 763 932 947 1049 1079 1108 1233 1364 1369 1379 1381 2086 2099 2328 2337 2416 2418 2795 2798 2838 2840 2866 2867 2888 3103 3328 3507 3527 3694 3697 3858 4260 4601 4717 4988 5022 5178 5912 6116 6118 6125 6933 7073 7193 7269 7380 7605 7624 7651 7663 7710 7793 7799 8083 8292 8385 8401 8622 8698 9424 9723 9830 9857 9994 10247 10348 10749 10842
69 91 524 583 619 660 946 1009 1262 1274 1289 1292 1295 1301 1350 1368 1420 1543 1581 2026 2125 2178 2244 2245 2246 2247 2251 2253 2289 2332 3168 3175 3438 3702 4006 4007 4008 4009 4022 4023 4024 4062 4080 4093 4116 4158 4159 4162 4713 4714 4743 4745 4795 5065 5069 5070 5189 5276 5402 5909 6709 6719 6904 7166 7857 7895 8024 8168 8720 9176 9646 9991 10082 10083 10084 10802 10845
70 94 357 364 862 958 1134 1583 1608 1676 1871 1878 1879 2088 2151 2228 2229 2230 2233 2350 2938 3178 3188 3609 3627 3788 3861 4432 4735 4737 4879 5165 5713 5714 5762 5793 5844 5967 6120 6180 6339 6799 6922 6983 6994 6996 6998 6999 7037 7182 7227 7420 7422 7537 7542 7611 7798 8008 8017 8038 8043 8488 8514 8632 8804 8882 8896 9059 9060 9062 9125 9147 9148 9166 9262 9459 9509 9564 9569 9633 9794 9843 9959 9962 9963 10061 10063 10104 10173 10227 10254 10255 10256 10287 10331 10333 10334 10335 10336 10349 10351 10419 10479 10654
71 95 550 716 844 945 1059 1416 1623 1762 1764 1765 1775 1786 1906 1946 2076 2277 2278 2280 2343 2431 2447 2448 2464 2701 2706 2707 2792 2796 2839 2844 2939 3023 3113 3170 3207 3300 3488 3494 3497 3679 3691 3693 3696 3811 3896 3904 3946 3949 3971 3996 3998 4177 4264 4266 4313 4473 4474 4482 4672 4752 4895 4896 5016 5017 5019 5050 5062 5128 5129 5173 5174 5210 5246 5248 5255 5275 5393 5492 5569 5570 5668 5669 5681 5937 5940 5981 6071 6079 6098 6115 6119 6170 6172 6200 6201 6230 6231 6235 6248 6264 6267 6343 6344 6413 6414 6418 6446 6491 6733 6789 6870 6884 7062 7065 7119 7121 7139 7235 7236 7347 7457 7458 7461 7580 7599 7630 7740 7768 7813 7814 7853 7855 7856 7878 7911 8015 8016 8021 8133 8149 8190 8224 8234 8235 8311 8326 8352 8363 8372 8446 8503 8504 8577 8578 8591 8593 8641 8666 8699 8741 8822 8823 8826 8903 8964 8966 8970 9077 9163 9334 9335 9355 9356 9371 9388 9414 9415 9416 9467 9468 9535 9560 9610 9611 9612 9647 9652 9655 9674 9686 9789 9790 9823 9824 9825 9975 9987 10009 10011 10037 10038 10047 10086 10088 10112 10183 10184 10199 10200 10215 10216 10264 10280 10289 10290 10434 10489 10507 10510 10511 10700 10702 10751 10812 10840
72 104 124 240 419 673 997 1004 1044 1278 1334 1343 1392 1892 1971 1991 2442 2816 2961 3234 3440 3442 3443 3444 3491 3610 3729 3823 4019 4021 4422 4497 4646 4686 4754 4756 5847 6107 6111 6222 6315 6633 6691 6706 6769 7202 7355 7440 7471 7578 7657 7795 8067 8131 8156 8801 8842 8927 8967 9100 9123 9320 9531 9683 9900 9950 10114 10120 10122 10149 10150 10178 10362 10455 10502 10537 10620 10635 10661 10662 10680 10718
73 105 592 948 1272 1571 1579 1962 1989 2152 2492 2612 2616 3024 3030 3078 3128 3196 3402 3411 3414 3415 3454 3501 3504 3670 3945 4120 4182 4183 4184 4288 4491 4622 4695 4766 5044 5046 5082 5221 5684 5753 6224 6270 6272 6449 6576 6650 6795 6958 6959 6960 6961 6962 6963 6964 7104 7105 7277 7416 7819 7873 8163 8164 8165 8179 8461 8473 8557 8572 8573 8574 8605 8796 9010 9011 9383 9596 9684 9685 9759 9845 9846 10025 10166 10167 10407 10476 10522 10830 10867 10868
74 198 256 641 642 647 977 1013 1271 1458 1461 1634 1658 1700 1745 1890 2120 2203 2260 2317 2425 2427 2581 2712 3218 3320 3412 3536 3774 3807 3855 4028 4115 4119 4249 4290 4351 4407 4446 4528 4693 4704 4707 4757 4906 4984 5116 5162 5574 5727 5830 6011 6143 6331 6332 6349 6357 6593 6594 6833 6966 6995 7018 7060 7291 7306 7406 7419 7467 7593 7594 7804 8135 8158 8177 8284 8375 8408 8448 8526 8623 8665 8706 8707 9128 9379 9613 9691 9692 9693 9715 9718 9728 9729 9730 9731 9732 9747 9851 9891 9931 9978 10056 10059 10098 10371 10501 10542 10624
75 109 333 438 625 654 727 886 914 1038 1109 1152 1250 1256 1259 1785 1853 1908 2293 2354 2629 2735 3243 3374 3423 3520 3870 4025 4114 4295 4442 4577 5546 5903 6084 6114 6308 6899 6901 7014 7191 7219 7237 7281 7806 8528 8536 9492 9556 10497 10641 10676
76 110 249 417 422 423 554 797 999 1315 1409 1410 1413 1594 1624 1895 1899 1901 1951 2717 3164 3881 3936 4049 4462 4465 4665 4796 4798 4800 4927 4985 4992 4993 5038 5339 5353 5354 5356 5461 5467 5469 5712 5957 6008 6311 6389 6432 6534 7141 7172 7181 7257 7780 7846 7990 8197 8291 8648 8701 9093 9094 9122 9124 9517 10140 10509
77 111 116 468 549 565 802 1412 1644 1659 1689 1776 1777 1778 1779 1784 1852 1925 2071 2197 2208 2225 2507 2721 2722 2724 2969 3150 3151 3154 3325 3541 3554 3601 3748 4143 4515 4654 4741 4869 4871 4941 5181 5182 5183 5270 5271 5272 5321 5334 5392 5539 5661 5951 6010 6191 6435 6497 6518 6585 6848 6950 6951 7489 7501 7579 7751 8084 8199 9196 9261 10040
78 389 553 803 1192 1657 1679 1730 1760 1810 1813 1820 2135 2249 2283 2305 2466 2576 2876 2913 3199 3223 3224 3228 3242 3244 3371 3372 3418 3419 3420 3619 4649 4747 4806 4808 5172 5358 5407 5478 5499 5701 5931 5994 6100 6346 6362 6492 6989 7091 7224 7225 7465 7966 8114 8115 8117 8166 8769 9471 9581 9582 9890 10739 10820 10836 10854 10855 10856
79 123 127 133 460 536 542 697 866 1110 1111 1112 1114 1128 1129 1133 1243 1418 1510 1938 2078 2356 2405 2723 2736 2740 2961 3014 3145 3283 3342 3491 3529 3566 3613 3781 3824 3938 3942 4633 5480 5663 5695 5883 5884 5885 5886 5887 5888 5889 5890 5891 5917 6184 6699 6882 7194 7382 7460 7507 7540 7620 7963 8136 8137 8716 8746 8808 8918 8998 9026 9123 9505 9770 9771 9773 10169 10238 10329 10374 10393 10395 10396 10398 10425 10494 10496 10508 10617 10619 10631 10651 10652 10843 10860
80 129 168 333 730 804 806 1035 1103 1118 1198 1204 1231 2688 2738 2818 2959 3148 3163 3716 3920 3922 4025 4940 4982 4997 5131 5346 5376 5805 5932 6144 6402 6591 8089 8104 8255 8343 8564 8893 9273 9394 9474 9587 9694 9797 9983 10048 10049 10050 10186 10248 10317 10625 10676 10794
81 130 159 161 164 170 267 534 598 667 668 670 785 942 1071 1122 1123 1125 1167 1170 1206 1424 1691 1794 2117 2127 2269 2762 3277 3981 4021 4427 4838 6074 7471 9078 10873
82 131 1002 1003 1006 1007 1045 1182 1187 1704 1801 2378 2436 2440 2441 2559 2815 2893 3044 3060 3124 3144 3257 3281 3723 4391 4392 4935 4974 4977 5125 5144 5429 5696 5763 5908 6106 6233 6445 6526 7302 7343 7425 7572 7805 7835 7956 8081 8416 8471 8489 8672 8673 8861 8916 9023 9174 9175 9177 9209 9228 9354 9390 9449 9455 9532 9717 9813 9870 9901 9919 9920 9951 10021 10029 10100 10174 10423 10576 10582 10777
83 132 304 630 774 1157 1206 1328 1468 1681 1682 1693 1761 2053 2054 2055 2269 2270 2566 2567 2568 2569 2595 2664 2896 3772 3914 3983 4016 4251 4972 5049 5141 5142 5389 5441 7156 7715 7839 9280 9518 9949 10138 10711
84 135 165 197 484 579 589 867 1120 1169 1172 1565 1638 1654 1973 2096 2587 2687 2887 3739 3982 4079 4816 5011 5388 6415 8825 9788 10282 10291 10628 10774
85 138 593 698 707 710 768 1254 1279 1280 1281 1287 1329 1331 1342 1356 1359 1440 1606 1767 1770 1771 1863 1933 1964 2126 2358 2360 2362 2363 2489 2491 2520 2525 2534 2573 2870 2875 2904 2905 2978 2993 3117 3119 3141 3192 3278 3294 3313 3390 3471 3479 3489 3518 3532 3534 3537 3718 3808 3874 3961 4111 4201 4270 4289 4471 4494 4499 4507 4656 4915 4946 5071 5211 5212 5213 5214 5215 5216 5217 5219 5225 5262 5263 5608 5653 5654 5775 5792 5802 5804 5842 5843 5845 5923 5942 5973 6003 6135 6187 6419 6474 6669 6731 6784 6793 7019 7029 7063 7068 7103 7169 7305 7317 7335 7525 7558 7571 7617 7705 7724 7771 7807 7822 7868 7871 8039 8040 8125 8220 8586 8603 8609 8759 8771 8773 8775 8776 8777 8858 8922 9047 9106 9198 9236 9255 9256 9258 9296 9298 9412 9495 9567 9593 9781 9782 9853 9856 9896 10220 10319 10322 10323 10457 10634
86 144 243 495 637 760 918 1159 1354 1528 1532 1613 1678 1727 1746 1860 2167 2190 2361 3426 3615 3717 3828 3916 4090 4331 4590 4593 4708 4876 5314 5364 5722 5731 5808 6529 6571 6749 7012 7030 7421 7557 7662 7770 7850 8188 8494 9038 9050 9051 9168 9170 9401 9609 10031 10244 10422 10481 10483 10621 10649
87 142 180 278 674 834 988 1052 1107 1207 1370 1385 1526 1607 1887 1894 3049 3621 4092 4404 5025 5229 5648 5755 6265 6738 6850 6948 7029 7305 7558 7724 8349 9402 10391
88 145 506 508 522 545 587 878 939 1162 1226 1437 1472 1546 1595 1733 1740 1781 1984 2212 2263 2402 2437 2469 2540 2579 2586 2705 2778 2841 2903 3055 3157 3210 3270 3327 3331 3492 3566 3567 3646 3730 3818 3953 4041 4214 4451 4633 4730 4843 5052 5136 5322 5391 5619 5679 5791 6330 6370 6465 6619 6729 7418 7923 8186 9202 9422 9766 9796 9812 9821 10265 10449 10466 10590
89 146 189 194 200 258 292 659 1010 1332 1496 1897 2092 2093 2094 2097 2098 2104 2130 2134 2206 2626 2630 2689 2912 3274 3275 3614 3626 3867 4081 4668 4669 4698 4701 4767 5004 5549 5725 6153 6844 9207 9282 9585 10785 10786 10788
90 150 157 341 475 529 532 648 1004 1065 1154 1915 2282 2453 2716 2742 2801 2802 2803 3052 3134 3194 3918 3965 3966 4131 4210 4212 4291 4333 4640 4667 4825 4922 5373 5481 5806 5851 6105 6468 6657 6763 6769 6924 6991 7003 7519 7521 7522 8072 8155 8171 8544 8545 8764 8802 8803 8892 8967 9188 9316 9767 9932 10171 10446
91 154 519 581 963 1113 1130 1335 1394 1501 1667 2175 2381 2435 2530 2638 2731 2773 2823 2979 3260 3288 3289 3450 3690 3956 3963 4060 4166 4558 4581 4605 4609 4621 4918 4936 5013 5015 5043 5158 5301 5324 5340 5341 5344 5575 5745 5746 5747 5748 5781 6249 6433 6481 6483 6563 6568 6578 6643 6695 6895 6930 7049 7094 7134 7136 7239 7296 7329 7442 7573 7913 7914 8025 8034 8063 8407 8640 8891 9201 9454 9501 9780 9970 9999 10012 10013 10198 10512 10526 10528 10547 10567 10586 10588 10589 10594 10595 10596 10644 10682 10683 10706 10707 10708 10709
92 155 159 247 267 324 885 1046 1141 1415 1585 1605 1851 1938 2033 2242 2282 2532 2581 2983 3051 3198 3268 3410 3633 3824 4229 4336 4716 5406 5801 6022 6102 6250 6562 6735 6924 7488 7854 7946 8623 8697 8974 9215 9752 9838
93 158 271 372 375 376 651 656 860 987 1024 1146 1520 1541 1889 2477 2585 2644 2804 3070 3649 4627 4755 4878 5329 5411 5416 5620 6000 6035 6096 6174 6177 6314 6484 6596 6867 7145 7334 7359 7758 8076 8078 8600 9037 9110 9194 9195 9817 9819 9871 9941 9942 9985 10151 10278 10279 10305 10345 10346 10370 10490 10610 10611 10615 10642 10643 10705 10769 10771
94 321 578 584 586 717 859 1176 1252 1494 1621 2276 2376 2396 2955 3214 3282 3309 3406 3597 3948 4272 4335 4486 4550 4551 4685 4820 4823 4824 4826 4908 4909 4911 5151 5152 5460 5558 5609 5610 5815 5878 5983 6060 6061 6360 6595 6785 6840 6892 7039 7098 7272 7399 7432 7487 7685 7745 7959 7981 9303 9430 9665 9667 9668 9669 9699 9768 9910 10078 10222 10426 10427 10428
95 453 580 585 709 913 944 1119 1188 1347 1358 1559 1584 1675 1920 3053 3080 3152 3330 3490 3571 3577 3585 3588 3589 3720 3722 3798 3817 3819 3820 3821 3854 4088 4262 4367 4379 4470 4632 4635 4784 4785 4786 4853 4887 5199 5323 5325 5326 5327 5470 5784 5921 6043 6044 6045 6068 6279 6422 6527 6598 6599 6741 6783 6872 6873 6874 7015 7016 7093 7209 7451 7462 7486 7597 7623 7631 7661 7714 7726 7762 7763 7764 7786 7788 7974 8113 8431 8435 8460 8491 8552 8566 8678 8863 8955 9247 9248 9315 9431 9563 9584 10155 10210 10258 10420
96 833 883 889 1063 1302 1389 1523 1524 1649 2675 2789 3197 3205 3235 3407 3429 3430 3596 3643 3725 4888 4889 5092 5093 6285 6356 6753 6837 6841 7300 7417 7500 7509 7546 7664 7665 7666 7667 7668 7669 7670 7671 7672 7673 7674 7676 7677 7678 7679 7680 7681 7682 7683 7684 7686 7687 7688 7689 7690 7864 7865 7866 7879 7891 8201 8280 8282 8581 8582 8584 8585 8860 8999 9000 9165 9302 9400 9635 9663 9664 9734 10024 10077 10101 10102 10103 10236 10243 10246 10408 10668 10783
97 597 951 1396 1427 1558 1577 1731 1902 2438 2799 2829 3533 3586 3712 3925 3930 4145 4296 4356 4475 4492 5109 5357 5382 5758 5894 6237 6408 6409 6600 6616 6635 6781 6871 6918 6919 7081 7188 7273 7400 7477 7479 7481 7789 7843 7932 7979 7980 8265 8371 8456 8457 8463 8619 8667 8792 8973 9048 9190 9297 9529 9530 9675 9727 10026 10027 10251
98 599 600 616 666 842 998 1060 1084 1195 1391 1759 1817 1904 2113 2304 2324 3020 3056 3089 3209 4217 4484 5611 6371 7315 8331 8873
99 203 315 387 602 682 826 864 1027 1116 1344 1380 1739 1802 1814 2286 2749 3392 4138 4310 4311 4312 4338 4863 4998 5170 5527 6244 6246 6602 6949 7212 7851 8148 8365 8468 8590 8592 8740 8888 8991 9724 9930 9961 10087 10240 10482 10484 10535 10546 10553 10565 10618 10701 10813
100 167 220 300 302 396 486 488 611 669 735 1127 1217 1393 2764 3240 4552 4726 4968 5160 5161 6946 6965 6969 7284 7285 7286 7287 7357 7544 8082 8087 8185 8722 8723 8811 8813 8814 9009 9462 9482 10518 10570
101 175 345 347 348 349 350 352 445 454 521 984 1651 1664 1725 1893 2282 2377 2618 2702 3310 3908 4411 4433 4554 5037 5088 5231 5232 5233 5347 5384 5517 5626 5634 5636 5865 5939 5997 6338 6340 6361 6363 6791 6924 6935 7057 7058 7230 7478 7691 7940 8029 8072 8181 8182 8281 8294 8317 8445 8452 8486 8871 8872 8874 8875 8910 9108 9188 9366 9387 9428 9444 9516 9590 9591 9592 9626 9648 9696 9697 9701 9886 9908 9909 10131 10145 10394 10674 10695 10787
102 216 301 893 1124 1407 1660 1701 1856 2059 2653 2669 2811 2842 2843 2982 3061 3603 3620 3683 5132 5150 6391 6603 6613 6654 6917 7541 8097 8225 9172 9226 9254 9748 10435 10841
103 191 386 606 702 923 941 980 2106 2502 2542 2682 2683 3025 3054 3057 3075 3247 3248 3249 3617 3680 3692 4276 4459 4460 4630 4815 4976 5058 5090 5418 5552 6644 6679 6818 7048 7189 7555 7578 7607 7648 7731 7757 7882 7949 8018 8095 8146 8257 8258 8259 8341 8560 8959 9091 9602 9755 9939 9966 9967 9968 9969 9971 10060 10090 10182 10188 10272 10274 10362 10455 10655 10780 10801
104 160 250 252 328 564 885 896 975 1001 1033 1090 1324 1447 1455 2292 2355 2557 2592 2594 3000 3051 3115 3878 4194 4198 4343 4388 5029 5234 5435 6260 6275 6299 6364 6640 7179 7638 8213 8714 8767 8792 8942 9008 9190
105 166 172 317 382 552 678 696 757 758 814 815 835 952 953 1091 1100 1304 1495 1653 1677 1913 1923 1969 2091 2386 2685 2690 2759 3302 3611 4105 4355 4487 4917 4983 5974 6500 6694 6710 6762 6854 7168 7550 7842 8686 8783
106 162 178 182 183 303 375 518 544 775 776 777 778 779 780 865 868 1121 1205 1377 1378 2214 2215 2216 2217 2471 2897 2898 2899 3384 3452 3647 3859 3980 4021 4147 4157 4961 4963 4969 4970 4971 5416 6552 6553 6554 7429 7471 7578 8935 8976 9317 10362 10455
107 261 262 327 375 543 687 739 795 939 1102 1229 1285 1293 1430 1685 1786 1883 1891 1981 2105 2129 2437 2678 3099 3332 3388 3818 3836 3971 4318 4451 4699 5274 5416 5551 5600 6145 6411 6418 7410 7455 7502 8881 8899 9395 9422 10160
108 464 548 681 1604 1956 1996 1997 1998 1999 2000 2001 2003 2004 2005 2162 2226 2439 2537 2619 2880 3344 3478 3715 3737 3975 3978 4032 4128 4241 4242 4243 4245 4286 4325 4383 4420 4569 4608 4631 4804 4848 5054 5209 5628 5707 5812 5854 6351 6434 6441 6536 6550 6559 7113 7138 7183 7482 7556 7592 8072 8099 8429 8853 8886 9012 9187 9188 9189 9203 9452 9466 9484 9550 9725 10036 10076 10218 10228 10415
109 195 217 222 338 342 507 618 635 639 644 1067 1265 1337 1365 1457 1505 1674 1697 1730 1747 1774 1924 2048 2154 2155 2291 2334 2466 2964 3021 3121 3553 3583 3755 4123 4448 4517 5157 5208 5515 5764 5820 5834 6110 6202 6226 7067 7077 7210 7256 7365 8079 8558 8855 8936 9169 9571 9716 9828 9912 10135 10505
110 207 208 209 210 211 212 213 215 447 472 701 964 1189 1191 1194 1308 1791 1792 1793 1968 2325 2589 2710 2827 3135 3136 3137 3180 3645 4227 4315 4464 4574 4575 4842 5922 6073 6220 6221 6597 6686 6888 6920 7158 7186 7437 7438 7439 7490 7539 7652 7881 7955 7957 8096 8180 8198 8212 8377 8378 8522 8687 9433 9434 9436 9438 9439 9440 9615 9616 9624 9750 10042 10043 10044 10108 10136 10452 10613 10614 10721 10764 10765
111 188 199 231 270 281 313 322 432 520 620 754 756 761 766 772 789 825 827 829 863 904 995 1026 1031 1033 1150 1153 1155 1158 1199 1388 1452 1469 1529 1622 1686 1808 1815 1816 1819 1823 1825 1846 1975 2149 2153 2157 2158 2198 2199 2201 2202 2204 2205 2256 2271 2320 2331 2423 2544 2545 2694 2695 2770 2819 2830 2832 2833 2834 2835 2946 3107 3114 3174 3308 3346 3347 3409 3417 3557 3578 3604 3605 3606 3607 3656 3672 3751 3768 3797 3872 4051 4053 4084 4130 4231 4381 4472 4556 4579 4586 4587 4588 4607 4636 4648 4700 4722 4897 4914 4975 4994 4996 5051 5107 5108 5111 5112 5114 5115 5185 5269 5292 5293 5298 5308 5359 5360 5361 5362 5435 5526 5530 5646 5682 5683 5690 5691 5704 5905 6024 6025 6032 6130 6155 6216 6355 6359 6364 6380 6444 6629 6631 6655 6656 6778 6810 6825 6845 6846 6847 6860 7074 7080 7082 7084 7085 7086 7198 7199 7240 7271 7288 7444 7445 7466 7494 7497 7498 7529 7595 7634 7761 7773 7794 7863 7892 7904 7905 7918 7919 7930 7943 7944 7945 7947 8026 8102 8126 8207 8209 8242 8248 8335 8396 8399 8419 8421 8422 8484 8511 8513 8553 8554 8555 8556 8606 8607 8611 8638 8639 8712 8713 8714 8715 8737 8738 8787 8788 8789 8996 9278 9279 9392 9403 9511 9519 9545 9570 9572 9573 9709 9712 9745 9778 9779 9810 9899 9964 9986 9995 9998 10045 10052 10053 10110 10168 10203 10213 10224 10276 10292 10378 10397 10450 10451 10557 10580 10581 10640 10675 10677 10678 10679 10697 10710 10712 10713 10717 10727 10754
112 206 397 476 514 561 692 708 765 783 840 852 972 978 1056 1488 1538 1625 1705 1789 2180 2470 2505 2506 2563 3092 3843 4215 4354 4841 4852 5281 5584 5615 5619 5719 7008 8090 8708 10265 10363
113 359 533 639 1101 1206 1312 1351 1453 1492 1542 1602 1603 1924 2109 2114 2115 2269 2330 2443 2547 3080 3266 3365 3368 3566 3582 3775 4204 4250 4470 4633 4827 5117 5483 5679 5687 5688 6173 6619 6745 6945 7418 8250 9880 10221 10409 10411 10412 10413 10515 10591 10715 10763
114 261 264 385 428 903 1070 1221 1222 1227 1242 1246 1249 1251 1253 1261 1449 1570 1572 1769 1834 1847 1881 1911 1931 2006 2596 2805 2806 2807 2808 2809 2909 2918 2981 3149 3160 3161 3304 3319 3476 3539 3831 3835 3860 4030 4066 4068 4225 4329 4330 4453 4576 4578 4956 4957 4958 5032 5080 5081 5083 5300 5374 5484 5554 5597 5988 5989 5991 5992 6038 6039 6040 6041 6042 6091 6134 6293 6294 6295 6411 6420 6447 6448 6514 6524 6670 6723 6834 6849 6851 7208 7278 7404 7405 7407 7495 7502 7524 7526 7527 7576 7738 7812 7840 7950 7951 7991 7993 8074 8153 8184 8467 8569 8627 8644 8646 8647 8756 9234 9242 9243 9244 9373 9374 9375 9376 9377 9721 9722 9751 9862 9933 10055 10514 10516 10660 10673 10762 10814 10832
115 283 569 624 691 693 782 1075 1088 1320 1341 1346 1517 1598 2085 2344 2385 2430 2519 2851 3101 3102 3118 3935 4203 4393 4437 4769 4788 4850 5068 5156 5381 5590 5716 5868 6493 6496 6971 7070 7997 8217 8735 9089 9225 9338 9381 10792
116 786 816 927 1149 1362 1858 1986 1988 2057 2275 3073 3081 3093 3204 3231 3251 3254 3361 3437 3652 3784 3790 3822 3943 4294 4347 4352 4370 4412 4443 4483 4519 4602 4619 4694 4965 4990 5130 5328 5495 5496 5672 5817 5950 5958 6142 6178 6379 6573 6787 7088 7214 7352 7426 7491 7614 7862 7896 8042 8085 8223 8567 8604 8650 8835 9045 9057 9080 9249 9448 9595 9597 9639 9836 10005 10034 10123 10197 10743
117 282 371 477 577 714 820 1062 1443 1724 2100 2262 2264 2265 2266 2728 2729 2730 2863 3006 3008 3348 3358 3359 3373 3655 4078 4361 4386 4690 4783 4986 5066 5089 5235 5236 5592 5655 5726 5969 6566 6666 6727 6732 6757 7319 7633 7899 8237 8418 8472 8547 8549 8550 8634 8635 8866 9318 9500 9878 10141 10376 10488 10525 10599 10600 10601 10602 10603 10604 10605 10755 10828 10844 10862
118 244 796 1591 2075 2107 2389 2390 2391 2393 2394 2398 2399 2449 2556 2622 2874 2929 2996 2998 2999 3096 3364 3676 3840 4042 4185 4543 4544 4849 4947 5034 5312 5394 5689 5756 6239 6287 6463 6555 6579 7021 7028 7054 7222 7339 7340 7536 7636 8476 8487 8518 8519 8729 8730 8944 9031 9574 9629 9695 10080 10115 10116 10117 10134 10176 10354 10359 10728 10729 10730 10852
119 725 792 799 1646 1716 1937 2298 2371 2662 2787 3037 3279 3435 3484 3667 3700 3815 3857 4430 4573 4618 4912 5333 5933 5980 6325 6482 6548 6637 6843 7324 7464 7468 7581 7785 7818 7892 7922 7925 7927 7928 7944 8044 8052 8128 8344 8345 8346 8348 8449 8450 8483 8733 9111 9306 9358 9476 9549 9703 9704 9719 9980
120 248 1135 1137 1138 1140 1310 1311 1313 1471 1567 1830 1843 1927 2034 2035 2038 2041 2383 2433 2906 3493 3514 3598 3673 3769 3888 3934 4246 4319 4322 4394 4395 4410 4532 5166 5283 5286 5287 5715 5857 6227 6498 6537 6658 7036 7071 7446 7783 7917 7977 8037 8108 8206 8208 8351 8420 8506 8846 8939 9145 9765 10008 10118 10157 10158 10223 10275 10403 10499 10506 10607
121 30 59 683 1868 2014 2133 2156 2193 2330 2392 2560 2668 3259 3307 3338 3394 3498 3637 3848 4052 4061 4076 4204 4209 4620 4928 5023 5048 5094 7635 7892 7944 8510 8537 9019 9259 10332
122 259 793 973 1297 1699 1934 3095 3239 3460 3760 3865 3882 3976 4070 4094 4107 4113 4435 4440 4692 4723 4728 5007 5400 5699 5760 5831 5859 5918 5919 6052 6140 6438 6511 6610 6634 6706 7223 7463 7470 7474 7515 7585 7590 7766 7772 7837 7838 7897 8033 8129 8130 8131 8132 8193 8275 8306 8516 8517 8520 8732 8760 8761 8940 8961 8963 9417 9475 9490 9526 9527 9539 9558 9740 9795 10000 10017 10073 10074 10075 10089 10094 10211 10212 10648 10822 10823 10824 10825
123 205 266 390 451 724 750 872 885 1096 1363 1500 1798 1811 1827 2236 2494 2919 2965 2987 3051 3074 3202 3229 3573 3595 3678 3785 3834 3974 4196 4234 4298 4715 4807 4812 5790 6489 6992 7079 7332 7345 7754 7883 7958 8048 8508 8565 8628 9116 9178 9720 9831 9993 10128 10277 10491 10585
124 480 537 571 930 1374 1434 1479 1635 1930 2160 2161 2168 2456 2597 2598 2600 2628 2771 2774 2775 2776 3912 4071 5026 5095 5343 5879 6531 6618 6724 7403 7499 7566 7567 7844 7845 8032 8069 8109 8262 8318 8319 8320 8321 8328 8329 8330 8332 8370 8425 8426 8661 8768 8934 8938 9491 9508 9588 9627 10071 10072 10347 10380 10429 10440 10453
125 305 490 551 781 869 871 1168 2116 2368 2369 2370 3625 3913 4146 4477 4750 5167 5606 5874 5875 5876 6273 6588 8124 8688 8763 9324 9617 9618 9619 9620 9644 9897
126 276 288 343 496 541 892 1072 1316 1422 1425 1535 1645 2461 2479 2482 2574 2674 2727 2767 3503 4033 4282 4835 5030 5264 5528 5892 6016 6217 6513 6952 7858 7924 8075 8390 8645 8679 9601 10180
127 225 499 538 751 890 1098 1513 1568 2090 2404 2478 2481 2483 2988 3133 3206 3237 3324 3400 3500 3658 3674 3675 3710 3711 3712 3713 3766 3833 3995 4280 4541 4545 4548 4553 4610 4614 4615 4765 4874 5000 5143 5179 5311 5350 5365 5367 5409 5459 5509 5512 5772 5782 5786 5787 5818 5819 5821 5970 5972 6002 6005 6029 6094 6109 6163 6198 6392 6393 6394 6395 6396 6397 6398 6399 6443 6535 6811 6812 6813 6887 7006 7007 7009 7010 7031 7187 7372 7412 7711 7725 7750 7777 7941 7942 8006 8007 8162 8216 8357 8358 8359 8360 8454 8474 8680 8953 8972 8973 9061 9269 9270 9389 9418 9419 9420 9421 9645 9784 9924 9925 10770 10793 10795
128 277 287 314 575 1106 1197 1436 1531 1609 1636 1690 1695 1938 1945 2083 2257 2495 2627 2828 3001 3009 3824 3928 4031 4334 4341 5313 5679 5893 6179 6541 6587 6619 6696 6705 6972 7056 7290 7348 7418 8144 8170 8353 9191 9224 9348 9369 9739 9854 9884 10179 10579
129 279 474 489 767 1454 1569 1711 1714 1715 1755 1928 1976 2065 2131 2171 2182 2183 2187 2188 2633 3050 3147 3568 3576 3698 3728 3770 3771 3827 3830 3880 3886 4018 4091 4373 4438 4454 4612 4626 4657 4739 4799 4833 4873 4991 5020 5106 5290 5436 5533 5568 5640 5678 5709 5825 6015 6136 6245 6254 6255 6257 6258 6455 6622 6641 6642 6805 6831 6942 7000 7004 7142 7143 7192 7233 7253 7274 7275 7276 7326 7360 7362 7363 7364 7402 7449 7450 7480 7508 7535 7547 7552 7582 7811 7953 7954 8023 8053 8178 8218 8364 8402 8403 8404 8409 8410 8411 8412 8413 8414 8427 8492 8493 8507 8538 8551 8563 8596 8683 8684 8696 8748 8749 8750 8751 8752 8816 8819 8843 8908 9002 9007 9074 9118 9192 9193 9210 9221 9222 9289 9323 9344 9382 9450 9496 9548 9614 9774 9775 9861 9905 9907 10001 10033 10093 10106 10154 10204 10205 10206 10207 10214 10231 10242 10259 10261 10262 10263 10281 10284 10339 10340 10341 10343 10344 10369 10471 10495 10519 10520 10521 10524 10527 10548 10550 10551 10552 10558 10559 10560 10561 10562 10563 10564 10622 10664 10665 10724 10731 10732 10736 10745 10747 10748
130 290 650 856 955 1174 1383 1478 1555 1561 2163 2234 2367 3035 3072 3111 3116 3158 3381 3396 3397 3659 3668 3894 4044 4046 4163 4254 4316 4504 4703 4803 4910 4981 5427 5428 5464 5537 5557 5559 5562 5563 5564 5565 5664 5732 5744 6192 6197 6347 6348 6373 6716 6792 6921 7032 7130 7131 7132 7133 7185 7241 7308 7377 7387 7388 7390 7434 7492 7562 7565 7583 7696 7709 7716 7746 7747 7876 7893 8051 8142 8211 8251 8477 8505 8509 8594 8682 8702 8703 8704 8865 8868 8914 9030 9066 9109 9197 9204 9205 9406 9464 9650 9658 9659 9660 9666 9713 9952 9953 10020 10612 10733 10734 10808
131 218 1041 1066 1178 1271 1284 1983 2185 2186 2340 2581 2625 2636 3080 3212 3598 3891 4087 4321 4470 4488 4813 4887 5149 5574 5582 5625 5665 5857 6251 6252 6253 6354 6358 6406 6407 6416 7015 7325 7327 7417 7435 7603 8068 8339 8548 8566 8623 8691 8792 8949 8950 9190 9339 9478 9483 9487 9681 9753 10243 10285 10366 10441 10647 10818
132 230 366 574 723 793 1017 1403 1473 1475 1807 1934 2335 2338 2601 2648 2817 3064 3227 3315 3326 3379 3386 3425 3465 3758 3841 3901 3933 4065 4118 4238 4281 4536 4925 5027 5332 5572 5619 5769 5850 5864 5996 6004 6017 6121 6181 6238 6335 6352 6368 6470 6728 6826 6829 6957 7096 7099 7102 7117 7354 7511 7516 7649 7694 7790 7831 7933 8112 8140 8583 8616 9015 9173 9741 9772 10233 10265 10381 10382 10389 10402 10493 10671 10796 10797 10798 10799
133 181 184 185 186 485 492 728 870 1012 1126 1269 1630 1631 1655 1680 1683 1684 1692 2407 2450 2588 3805 4036 4580 4729 4960 5545 6816 7195 7196 7885 7886 8139 8983 8984 8986 10022 10498 10500 10504 10684
134 406 416 471 699 828 966 985 1136 1483 1735 1754 2042 2044 2936 3172 3628 3709 3767 4040 4357 4547 4563 4652 4913 5259 5366 5398 5476 5621 5635 5651 6019 6062 6199 6232 6538 6688 6801 7087 7456 7775 7817 8059 8121 8160 8350 8502 8810 8915 9333 9682 10234 10268 10593 10666 10815
135 344 411 433 672 819 1257 1390 1752 1882 1886 2070 2072 2119 2388 2458 2460 2553 2624 2725 2871 2991 2994 3042 3519 3521 3522 3526 3839 3947 4339 4505 4506 4681 4682 4683 4684 4733 4734 4945 5550 5633 5861 6097 6282 6283 6284 6403 6687 6689 6690 6900 7255 7369 7370 7568 7906 8232 8233 8304 8305 8608 8848 8923 8943 9533 9657 9746 9906 9996 10367 10368
136 368 415 704 705 755 872 933 1142 1245 1367 1404 1484 1763 1833 1953 1977 2084 2584 3169 3202 3216 3221 3393 3470 3773 3845 3900 4317 4350 4421 4423 4611 4828 5014 5186 5277 5482 5541 5544 5658 5809 5910 6367 6605 6740 6787 7126 7389 7563 8221 8561 8937 9341 9815 9844 10005 10109 10111 10463 10470 10838 10839
137 312 431 441 694 1053 1202 1327 1414 1549 1661 1662 1710 1900 1903 1980 2192 2486 2593 2643 2667 2848 2852 3039 3171 3531 3742 3744 3745 3889 3892 3972 3997 4059 4077 4205 4213 4271 4414 4944 5155 5159 5227 5516 5518 6726 6759 6761 7090 7144 7622 7732 7877 7988 7989 8614 8755 9071 9107 10460 10462 10467 10468 10616
138 388 603 671 722 1186 1506 1766 2037 2300 2346 2928 2930 2963 2995 3122 3357 3451 3569 3724 3837 3940 3954 4180 4206 4239 4323 4371 4374 4405 4447 4568 4623 4645 5039 5061 5285 5397 5542 5581 5770 5977 5978 6149 6150 6151 6152 6154 6266 6381 6385 6386 6387 6525 6581 6582 6590 7140 7358 7722 7723 7776 7884 7962 8266 8286 8288 8301 8302 8303 8529 8625 8626 8753 8779 8780 9049 9239 9456 9887 9888 9889 10054 10578
139 399 1309 1372 1519 1575 2036 2040 2917 3045 3047 3142 3574 3951 3952 3989 4014 4380 4450 5042 5180 5369 5473 5637 5694 5870 6021 6030 6099 6186 6290 6466 6754 6808 6891 7171 7374 7376 7417 7545 7612 7627 7712 7749 7753 7983 8028 8110 8252 8333 8334 8347 8366 8458 8524 8527 8579 8597 8669 8815 8904 8905 8958 8962 9186 9231 9362 9504 9538 9551 9688 9976 10243 10530 10789 10831
140 337 360 661 1029 1314 1323 1589 1613 1985 2033 2195 2459 2610 2615 2620 3426 3598 4109 4336 4353 4679 4746 5288 5352 5857 5941 6240 6369 6711 7662 7892 7944 8880 9401 9736 10177
141 149 351 706 810 926 943 1037 1092 1345 1448 1721 1732 2046 2316 2359 2508 2637 2853 2933 2992 3007 3058 3182 3264 4566 4567 4687 4832 4937 5059 5126 5171 5948 6547 7894 7952 8274 8717 9146 9437 9956 10555
142 367 788 809 895 1277 1305 1336 1421 1723 1730 1837 2017 2243 2302 2307 2309 2452 2466 2711 3256 3376 3499 3546 3555 3556 3572 3731 3988 3990 4674 4758 5267 5379 5524 5525 5785 5858 5938 6171 6223 6458 6459 6664 6665 6774 6776 6777 6990 7157 7174 7184 7505 7506 7510 7637 7859 8119 8120 8122 8369 8405 8439 8440 8523 8711 8786 8793 9156 9157 9158 9159 9160 9206 9359 9360 9429 9536 9803 9804 10107 10326 10421 10443 10444 10472 10534 10657 10737 10806 10837 10851 10872
143 450 505 627 638 679 798 1000 1190 1574 1612 1639 1821 1835 1836 1838 1839 1840 2604 2757 2831 2924 3076 3077 3086 3245 3706 3752 3799 3829 3853 4141 4188 4261 4293 4724 5055 5073 5097 5113 5168 5310 5371 5430 5433 5491 5629 5630 5631 5671 5729 5798 5956 6066 6138 6139 6141 6219 6477 6479 6480 6519 6608 6609 6706 6730 6968 7151 7152 7153 7177 7200 7220 7743 7929 8045 8054 8106 8107 8131 8196 8322 8323 8342 8389 8400 8562 8859 8924 8946 8971 9032 9179 9180 9220 9295 9735 9893 10162 10163 10164 10165 10321 10658
144 458 540 546 759 931 1020 1057 1156 1728 1772 2239 2590 2810 2950 3424 3431 3433 3618 4327 4582 4594 4595 4599 4836 4839 4964 5041 5593 5774 5971 6303 6318 6574 6806 7115 7197 7279 7619 7994 7995 8088 8438 9027 9028 9054 9241 9625 9882 9883 9885 9913 10230 10480
145 491 936 1255 1282 1318 1456 1487 2395 2602 2603 2769 3067 3100 3262 3272 3287 3291 3292 3293 3505 4584 4653 4655 4821 5410 5618 5642 5721 5936 5987 6317 6377 6767 6796 6906 7025 7026 7027 7159 7433 7570 7608 8100 8169 8530 8531 8539 8662 8754 8947 9005 9131 9167 9293 9319 9446 9575 9576 9698 9756 9800 9921 9935 9981 9982 10237 10239 10249 10318 10342 10355 10356 10438 10456 10532 10533 10650
146 501 572 1105 1442 1464 1597 2033 2051 2194 2219 2220 2311 2533 2794 2846 3031 3034 3036 3106 3215 3552 3590 3806 3955 4037 4127 4174 4300 4332 4336 4445 4592 4689 4725 4810 4822 5099 5184 5368 5479 5510 5589 5828 5995 5999 6027 6054 6064 6087 6545 6570 6583 6606 6648 6714 6718 6756 6771 6940 7298 7307 7309 7321 7528 7530 7829 8050 8134 8183 8200 8210 8379 8380 8381 8629 8685 8869 8898 8990 9040 9182 9227 9378 9461 9494 9671 10260 10338 10759
147 503 605 742 811 1022 1642 1666 1694 1719 1869 1970 2611 3048 3271 3360 3573 3778 4117 4187 4292 4524 4525 4560 5403 5442 5622 5705 5913 6320 6390 6875 7423 8267 8601 9116 9149 9300 9336 9413 10800
148 511 562 632 770 1019 1050 1147 1503 1504 2020 2021 2023 2476 2813 2845 2857 2858 2859 2860 2861 2862 2864 3010 3012 3762 3899 3977 3979 4240 4320 4406 4520 4531 4629 4870 5101 5191 5192 5881 5898 6067 6182 6383 6384 6437 6457 6539 6549 6580 6681 7531 7553 7832 7968 8310 8312 8654 8694 8695 8864 9246 9499 10406 10414 10645 10790
149 718 900 996 1043 1076 1431 1441 1521 1859 1972 2002 2028 2029 2030 2032 2112 2322 2484 2501 2793 3345 3352 3890 3905 4050 4302 4533 4882 5197 5399 5426 5488 5490 5799 5813 5814 5822 6323 6772 6780 6817 6903 6944 7123 7249 7353 7381 7459 7600 7778 7781 7872 7874 7875 7931 8070 8637 9013 9212 9260 9345 9346 9632 9643 10068 10070 10193 10194 10195 10196 10667 10690 10691 10846 10871
150 1042 1160 1290 1957 2024 2200 2374 2400 2419 2650 2651 2654 2655 2960 3225 3353 3475 3629 3651 3809 3816 4064 4431 4457 4458 4509 5196 5443 5445 5673 5867 6013 6046 6085 6095 6103 6161 6162 6365 6425 6426 6617 6798 6835 7114 7264 7303 7395 7396 7397 7398 7453 7948 7961 7999 8000 8057 8086 8154 8173 8175 9024 9085 9183 9185 9331 9332 9628 9911 10014 10062 10646 10833 10834
