0 0
1 1
2 2
3 3
4 4
5 5
6 6
7 7
8 8
9 9
10 10
11 11
12 43
13 13
14 14
15 15
16 16
17 43
18 15
19 17
20 18
21 19
22 20
23 21
24 22
25 23
26 23
27 22
28 22
29 24
30 1 54 121
31 30
32 25
33 26
34 27
35 27
36 27
37 28
38 25
39 29
40 31
41 32
42 33
43 34
44 31
45 17
46 36
47 37
48 38
49 39
50 43
51 42
52 43
53 45
54 47
55 49
56 43
57 51
58 43
59 1 54 121
60 55
61 56
62 57
63 58
64 7
65 52
66 53
67 23
68 42
69 21
70 43
71 61
72 43
73 62
74 43
75 43
76 43
77 31
78 43
79 37
80 37
81 56
82 44
83 37
84 63
85 15
86 43
87 43
88 45
89 68
90 68
91 69
92 4
93 1
94 70
95 71
96 65
97 66
98 67
99 16
100 13
101 56
102 44
103 56
104 72
105 73
106 17
107 28
108 57
109 75
110 76
111 77
112 24
113 16
114 57
115 8
116 77
117 46
118 45
119 2
120 47
121 57
122 43
123 79
124 72
125 66
126 10
127 79
128 49
129 80
130 81
131 82
132 83
133 79
134 11
135 84
136 34
137 62
138 85
139 61
140 11
141 50
142 87
143 8
144 86
145 88
146 89
147 25
148 8
149 141
150 90
151 60
152 49
153 41
154 91
155 92
156 20
157 90
158 93
159 48 81 92
160 104
161 81
162 106
163 10
164 81
165 84
166 105
167 100
168 80
169 44
170 81
171 48
172 105
173 25
174 15
175 101
176 15
177 14
178 106
179 66
180 87
181 133
182 106
183 106
184 133
185 133
186 133
187 48
188 111
189 89
190 19
191 103
192 60
193 44
194 89
195 109
196 13
197 84
198 74
199 111
200 89
201 36
202 54
203 99
204 38
205 123
206 112
207 110
208 110
209 110
210 110
211 110
212 110
213 110
214 17
215 110
216 33 47 102
217 109
218 131
219 17
220 100
221 65
222 109
223 56
224 16
225 127
226 43
227 43
228 43
229 43
230 132
231 111
232 43
233 43
234 31
235 43
236 31
237 43
238 4
239 4
240 72
241 43
242 62
243 86
244 118
245 41
246 61
247 92
248 120
249 76
250 104
251 18
252 104
253 56
254 60
255 14
256 74
257 14
258 89
259 122
260 6
261 27 107 114
262 107
263 6
264 114
265 41
266 123
267 48 81 92
268 43
269 21
270 111
271 93
272 48
273 64
274 43
275 43
276 126
277 128
278 87
279 129
280 15
281 111
282 117
283 115
284 31
285 16
286 0
287 128
288 126
289 43
290 130
291 62
292 89
293 23
294 23
295 23
296 23
297 49
298 23
299 23
300 100
301 102
302 100
303 106
304 83
305 125
306 10
307 47
308 21
309 47
310 55
311 13
312 137
313 111
314 128
315 99
316 29
317 105
318 63
319 52
320 37
321 94
322 111
323 34
324 92
325 49
326 3
327 107
328 104
329 55
330 55
331 37
332 61
333 55 75 80
334 9
335 17
336 2
337 140
338 109
339 5
340 12
341 90
342 109
343 126
344 135
345 101
346 43
347 101
348 101
349 101
350 101
351 141
352 101
353 65
354 23
355 20
356 21
357 70
358 35
359 113
360 140
361 24
362 35
363 67
364 70
365 46
366 132
367 142
368 136
369 35
370 60
371 117
372 93
373 25
374 36
375 93 106 107
376 93
377 7
378 1
379 52
380 21
381 7
382 105
383 4
384 35
385 114
386 103
387 99
388 138
389 78
390 123
391 66
392 66
393 66
394 66
395 66
396 100
397 112
398 51
399 139
400 0
401 51
402 17
403 64
404 31
405 52
406 134
407 46
408 17
409 16
410 64
411 135
412 44
413 11
414 25
415 136
416 134
417 76
418 34
419 72
420 5
421 17
422 76
423 76
424 24
425 52
426 25
427 42
428 114
429 35
430 51
431 137
432 111
433 135
434 30
435 25
436 17 43 45
437 25
438 75
439 25
440 25
441 137
442 30
443 28
444 21
445 101
446 45
447 110
448 43
449 44
450 143
451 123
452 49
453 95
454 101
455 51
456 51
457 51
458 144
459 51
460 79
461 43
462 58
463 63
464 108
465 25
466 46
467 26
468 77
469 28
470 56
471 134
472 110
473 4
474 129
475 90
476 112
477 117
478 52
479 25
480 124
481 54
482 35
483 35
484 84
485 133
486 100
487 22
488 100
489 129
490 125
491 145
492 133
493 31
494 42
495 86
496 126
497 58
498 0
499 127
500 43
501 146
502 12
503 147
504 8
505 143
506 88
507 109
508 88
509 15
510 52
511 148
512 67
513 67
514 112
515 43
516 10
517 19
518 106
519 91
520 111
521 101
522 88
523 34
524 69
525 10
526 34
527 24
528 34
529 90
530 16
531 53
532 90
533 113
534 81
535 49
536 79
537 124
538 127
539 30
540 144
541 126
542 79
543 107
544 106
545 88
546 144
547 54
548 108
549 77
550 71
551 125
552 105
553 78
554 76
555 37
556 34
557 46
558 31
559 31
560 31
561 112
562 148
563 11
564 104
565 77
566 36
567 46
568 41
569 115
570 60
571 124
572 146
573 0
574 132
575 128
576 35
577 117
578 94
579 84
580 95
581 91
582 3
583 69
584 94
585 95
586 94
587 88
588 2
589 84
590 35
591 59
592 73
593 85
594 56
595 19
596 52
597 97
598 81
599 98
600 98
601 52
602 99
603 138
604 2
605 147
606 103
607 56
608 37
609 68
610 24
611 100
612 16
613 11
614 28
615 43
616 98
617 49
618 109
619 69
620 111
621 49
622 64
623 59
624 115
625 75
626 26
627 143
628 41
629 7
630 83
631 8
632 148
633 8
634 38
635 109
636 36
637 86
638 143
639 44 109 113
640 57
641 74
642 74
643 48
644 109
645 35
646 54
647 74
648 90
649 37
650 130
651 93
652 32
653 25
654 75
655 57
656 93
657 30
658 61
659 89
660 69
661 140
662 61
663 14
664 24
665 2
666 98
667 81
668 81
669 100
670 81
671 138
672 135
673 72
674 87
675 36
676 24
677 0
678 105
679 143
680 38
681 108
682 99
683 121
684 12
685 54
686 65
687 107
688 45
689 6
690 0
691 115
692 112
693 115
694 137
695 47
696 105
697 79
698 85
699 134
700 25
701 110
702 103
703 25
704 136
705 136
706 141
707 85
708 112
709 95
710 85
711 35
712 38
713 4
714 117
715 60
716 71
717 94
718 149
719 53
720 33
721 33
722 138
723 132
724 123
725 119
726 43
727 75
728 133
729 35
730 80
731 35
732 13
733 13
734 67
735 100
736 48
737 13
738 58
739 107
740 38
741 44
742 147
743 56
744 56
745 16
746 13
747 49
748 13
749 45
750 123
751 127
752 63
753 38
754 111
755 136
756 111
757 105
758 105
759 144
760 86
761 111
762 65
763 68
764 0
765 112
766 111
767 129
768 85
769 55
770 148
771 20
772 111
773 62
774 83
775 106
776 106
777 106
778 106
779 106
780 106
781 125
782 115
783 112
784 9
785 81
786 116
787 6
788 142
789 111
790 37
791 30
792 119
793 54 64 122 132
794 31
795 107
796 118
797 76
798 143
799 119
800 27
801 64
802 77
803 78
804 80
805 61
806 80
807 37
808 7
809 142
810 141
811 147
812 37
813 61
814 105
815 105
816 27 54 116
817 37
818 11
819 135
820 117
821 64
822 56
823 31
824 37
825 111
826 99
827 111
828 134
829 111
830 36
831 28
832 32
833 96
834 87
835 105
836 38
837 42
838 65
839 67
840 112
841 2
842 98
843 45
844 71
845 19
846 52
847 42
848 52
849 40
850 2
851 44
852 112
853 58
854 49
855 15
856 130
857 20
858 25
859 94
860 93
861 43
862 70
863 111
864 99
865 106
866 79
867 84
868 106
869 125
870 133
871 125
872 54 123 136
873 37
874 37
875 37
876 50
877 37
878 88
879 35
880 49
881 6
882 44
883 96
884 44
885 54 92 104 123
886 75
887 35
888 63
889 96
890 127
891 13
892 126
893 102
894 39
895 142
896 104
897 66
898 66
899 66
900 149
901 17
902 44
903 114
904 111
905 44
906 44
907 6
908 28
909 54
910 54
911 6
912 54
913 95
914 75
915 34
916 35
917 35
918 86
919 32
920 35
921 5
922 2
923 103
924 42
925 4
926 141
927 116
928 42
929 42
930 124
931 144
932 68
933 136
934 34
935 13
936 145
937 56
938 31
939 17 88 107
940 56
941 103
942 81
943 141
944 95
945 71
946 69
947 68
948 73
949 38
950 0
951 97
952 105
953 105
954 61
955 130
956 31
957 17
958 70
959 18
960 32
961 24
962 24
963 91
964 110
965 24
966 134
967 31
968 49
969 25
970 0
971 43
972 112
973 122
974 3
975 104
976 15
977 74
978 112
979 22
980 103
981 27
982 27
983 27
984 101
985 134
986 27
987 93
988 87
989 39
990 49
991 29
992 31
993 34
994 23
995 111
996 149
997 72
998 98
999 76
1000 143
1001 104
1002 82
1003 82
1004 64 72 90
1005 49
1006 82
1007 82
1008 37
1009 69
1010 89
1011 4
1012 133
1013 74
1014 17
1015 17
1016 5
1017 132
1018 65
1019 148
1020 144
1021 65
1022 147
1023 30
1024 93
1025 43
1026 111
1027 99
1028 16
1029 140
1030 19
1031 111
1032 61
1033 57 58 104 111
1034 18
1035 80
1036 24
1037 141
1038 75
1039 29
1040 12
1041 131
1042 150
1043 149
1044 72
1045 82
1046 92
1047 4
1048 44
1049 68
1050 148
1051 43
1052 87
1053 137
1054 41
1055 64
1056 112
1057 144
1058 18
1059 71
1060 98
1061 38
1062 117
1063 96
1064 65
1065 90
1066 131
1067 109
1068 9
1069 40
1070 114
1071 81
1072 126
1073 28
1074 28
1075 115
1076 149
1077 43
1078 43
1079 68
1080 31
1081 31
1082 17
1083 45
1084 98
1085 32
1086 16
1087 20
1088 115
1089 11
1090 41 54 104
1091 105
1092 141
1093 33
1094 42
1095 65
1096 123
1097 33
1098 127
1099 52
1100 105
1101 8 29 113
1102 107
1103 80
1104 12
1105 146
1106 128
1107 87
1108 68
1109 75
1110 79
1111 79
1112 79
1113 91
1114 79
1115 39
1116 99
1117 15
1118 80
1119 95
1120 84
1121 106
1122 81
1123 81
1124 102
1125 81
1126 133
1127 100
1128 79
1129 79
1130 91
1131 12
1132 64
1133 79
1134 70
1135 120
1136 134
1137 120
1138 120
1139 14
1140 120
1141 92
1142 136
1143 38
1144 36
1145 36
1146 93
1147 148
1148 24
1149 116
1150 111
1151 34
1152 75
1153 111
1154 90
1155 111
1156 144
1157 83
1158 111
1159 86
1160 150
1161 42
1162 88
1163 67
1164 10
1165 29
1166 29
1167 81
1168 125
1169 84
1170 81
1171 66
1172 84
1173 56
1174 130
1175 16
1176 94
1177 16
1178 131
1179 18
1180 16
1181 16
1182 82
1183 47
1184 25
1185 0
1186 138
1187 82
1188 95
1189 110
1190 143
1191 110
1192 78
1193 50
1194 110
1195 98
1196 43
1197 128
1198 80
1199 111
1200 63
1201 3
1202 137
1203 51
1204 80
1205 106
1206 81 83 113
1207 87
1208 18
1209 37
1210 37
1211 37
1212 3
1213 27
1214 37
1215 31
1216 67
1217 100
1218 16
1219 22
1220 16
1221 114
1222 114
1223 43
1224 21
1225 3
1226 88
1227 114
1228 29
1229 107
1230 47
1231 80
1232 60
1233 68
1234 31
1235 22
1236 31
1237 31
1238 31
1239 43
1240 31
1241 37
1242 114
1243 79
1244 43
1245 136
1246 114
1247 29
1248 44
1249 114
1250 75
1251 114
1252 94
1253 114
1254 85
1255 145
1256 75
1257 135
1258 44
1259 75
1260 44
1261 114
1262 69
1263 39
1264 50
1265 109
1266 39
1267 39
1268 39
1269 133
1270 65
1271 32 54 74 131
1272 73
1273 43
1274 69
1275 64
1276 12
1277 142
1278 72
1279 85
1280 85
1281 85
1282 145
1283 56
1284 131
1285 107
1286 19
1287 85
1288 58
1289 69
1290 150
1291 13
1292 69
1293 107
1294 46
1295 69
1296 15
1297 122
1298 50
1299 50
1300 40
1301 69
1302 96
1303 36
1304 105
1305 142
1306 46
1307 19
1308 110
1309 139
1310 120
1311 120
1312 113
1313 120
1314 140
1315 76
1316 126
1317 41
1318 145
1319 43
1320 115
1321 43
1322 65
1323 140
1324 104
1325 65
1326 11
1327 137
1328 83
1329 85
1330 49
1331 85
1332 89
1333 60
1334 72
1335 91
1336 142
1337 109
1338 42
1339 60
1340 45
1341 115
1342 85
1343 72
1344 99
1345 141
1346 115
1347 95
1348 43
1349 25
1350 69
1351 113
1352 8
1353 19
1354 86
1355 16
1356 46 54 85
1357 17
1358 95
1359 85
1360 24
1361 0
1362 24 58 116
1363 123
1364 68
1365 109
1366 42
1367 136
1368 69
1369 68
1370 87
1371 35
1372 139
1373 42
1374 124
1375 44
1376 67
1377 106
1378 106
1379 68
1380 99
1381 68
1382 24
1383 130
1384 30
1385 87
1386 21
1387 29
1388 111
1389 96
1390 135
1391 98
1392 72
1393 100
1394 91
1395 52
1396 97
1397 37
1398 43
1399 43
1400 37
1401 24
1402 24
1403 132
1404 136
1405 22
1406 24
1407 102
1408 24
1409 76
1410 76
1411 28
1412 77
1413 76
1414 137
1415 92
1416 71
1417 8
1418 79
1419 8
1420 69
1421 142
1422 126
1423 38
1424 81
1425 126
1426 10 12 51
1427 97
1428 40
1429 13
1430 107
1431 149
1432 45
1433 45
1434 124
1435 12
1436 128
1437 88
1438 35
1439 47
1440 85
1441 149
1442 146
1443 117
1444 37
1445 56
1446 37
1447 104
1448 141
1449 114
1450 35
1451 11
1452 111
1453 113
1454 129
1455 104
1456 145
1457 109
1458 74
1459 58
1460 9
1461 74
1462 54
1463 34
1464 146
1465 43
1466 43
1467 43
1468 83
1469 111
1470 43
1471 120
1472 88
1473 132
1474 13
1475 132
1476 58
1477 43
1478 130
1479 124
1480 38
1481 21
1482 28
1483 134
1484 136
1485 0
1486 8
1487 145
1488 112
1489 52
1490 2
1491 38
1492 113
1493 43
1494 94
1495 105
1496 89
1497 57
1498 44
1499 20
1500 123
1501 91
1502 1
1503 148
1504 148
1505 109
1506 138
1507 4
1508 18
1509 18
1510 79
1511 28
1512 60
1513 127
1514 64
1515 28
1516 18
1517 115
1518 21
1519 139
1520 93
1521 149
1522 33
1523 96
1524 96
1525 43
1526 87
1527 35
1528 86
1529 111
1530 34
1531 128
1532 86
1533 35
1534 43
1535 126
1536 31
1537 47
1538 112
1539 43
1540 59
1541 93
1542 113
1543 69
1544 21
1545 6
1546 88
1547 4
1548 2
1549 137
1550 43
1551 17
1552 43
1553 43
1554 43
1555 130
1556 67
1557 49
1558 97
1559 95
1560 42
1561 130
1562 22
1563 43
1564 30
1565 84
1566 54
1567 120
1568 127
1569 129
1570 114
1571 73
1572 114
1573 3
1574 143
1575 139
1576 23
1577 97
1578 31
1579 73
1580 62
1581 69
1582 31
1583 70
1584 95
1585 92
1586 53
1587 18
1588 29
1589 140
1590 36
1591 118
1592 59
1593 64
1594 76
1595 88
1596 43
1597 146
1598 115
1599 43
1600 43
1601 43
1602 113
1603 113
1604 108
1605 92
1606 85
1607 87
1608 70
1609 128
1610 3
1611 40
1612 143
1613 12 86 140
1614 26
1615 28
1616 9
1617 28
1618 53
1619 18
1620 41
1621 94
1622 111
1623 71
1624 76
1625 112
1626 26
1627 59
1628 48
1629 10
1630 133
1631 133
1632 61
1633 57
1634 74
1635 124
1636 128
1637 37
1638 84
1639 143
1640 43
1641 28
1642 147
1643 28
1644 77
1645 126
1646 119
1647 16
1648 53
1649 96
1650 36
1651 101
1652 29
1653 105
1654 84
1655 133
1656 3
1657 78
1658 74
1659 77
1660 102
1661 137
1662 137
1663 36
1664 101
1665 21
1666 147
1667 91
1668 21
1669 36
1670 21
1671 20
1672 52
1673 49
1674 109
1675 95
1676 70
1677 105
1678 86
1679 78
1680 133
1681 83
1682 83
1683 133
1684 133
1685 107
1686 111
1687 35
1688 43
1689 77
1690 128
1691 81
1692 133
1693 83
1694 147
1695 128
1696 29
1697 109
1698 28
1699 122
1700 74
1701 102
1702 28
1703 22
1704 82
1705 112
1706 3
1707 8
1708 26
1709 3
1710 137
1711 129
1712 46
1713 32
1714 129
1715 129
1716 119
1717 29
1718 4
1719 147
1720 29
1721 141
1722 37
1723 142
1724 117
1725 101
1726 4
1727 86
1728 144
1729 8
1730 78 109 142
1731 97
1732 141
1733 88
1734 32
1735 134
1736 5
1737 28
1738 4
1739 99
1740 88
1741 51
1742 41
1743 27
1744 45
1745 74
1746 86
1747 109
1748 16
1749 31
1750 49
1751 15
1752 135
1753 5
1754 134
1755 129
1756 7
1757 7
1758 7
1759 98
1760 78
1761 83
1762 71
1763 136
1764 71
1765 71
1766 138
1767 85
1768 47
1769 114
1770 85
1771 85
1772 144
1773 64
1774 109
1775 71
1776 77
1777 77
1778 77
1779 77
1780 19
1781 88
1782 51
1783 16
1784 77
1785 28 35 75
1786 51 71 107
1787 44
1788 13
1789 112
1790 43
1791 110
1792 110
1793 110
1794 81
1795 44
1796 35
1797 15
1798 123
1799 59
1800 43
1801 82
1802 99
1803 7
1804 21
1805 43
1806 61
1807 132
1808 111
1809 33
1810 78
1811 123
1812 43
1813 78
1814 99
1815 111
1816 111
1817 98
1818 60
1819 111
1820 78
1821 143
1822 43
1823 111
1824 12
1825 111
1826 61
1827 123
1828 2
1829 28
1830 120
1831 28
1832 28
1833 136
1834 114
1835 143
1836 143
1837 142
1838 143
1839 143
1840 143
1841 53
1842 50
1843 120
1844 0
1845 51
1846 111
1847 114
1848 3
1849 35
1850 35
1851 92
1852 77
1853 75
1854 35
1855 35
1856 102
1857 26
1858 116
1859 149
1860 86
1861 26
1862 6
1863 85
1864 9
1865 67
1866 67
1867 67
1868 121
1869 147
1870 40
1871 70
1872 67
1873 57
1874 67
1875 67
1876 67
1877 67
1878 70
1879 70
1880 9
1881 114
1882 135
1883 107
1884 63
1885 8
1886 135
1887 87
1888 17
1889 93
1890 74
1891 107
1892 72
1893 101
1894 87
1895 76
1896 1
1897 89
1898 57
1899 76
1900 137
1901 76
1902 97
1903 137
1904 98
1905 45
1906 71
1907 49
1908 75
1909 1
1910 44
1911 114
1912 49
1913 105
1914 43
1915 90
1916 34
1917 30
1918 49
1919 16
1920 95
1921 18
1922 44
1923 105
1924 44 109 113
1925 77
1926 58
1927 120
1928 129
1929 35
1930 124
1931 114
1932 53
1933 85
1934 54 64 122 132
1935 28
1936 24
1937 119
1938 17 49 79 92 128
1939 25
1940 49
1941 52
1942 43
1943 20
1944 43
1945 128
1946 71
1947 64
1948 38
1949 41
1950 28
1951 76
1952 31
1953 136
1954 42
1955 4
1956 108
1957 150
1958 10
1959 3
1960 61
1961 51
1962 73
1963 57
1964 85
1965 50
1966 29
1967 40
1968 110
1969 105
1970 147
1971 72
1972 149
1973 84
1974 55
1975 111
1976 129
1977 136
1978 49
1979 25
1980 137
1981 107
1982 8
1983 131
1984 88
1985 140
1986 116
1987 22
1988 116
1989 73
1990 45
1991 72
1992 35
1993 49
1994 36
1995 21
1996 108
1997 108
1998 108
1999 108
2000 108
2001 108
2002 149
2003 108
2004 108
2005 108
2006 114
2007 32
2008 63
2009 53
2010 63
2011 20
2012 32
2013 63
2014 121
2015 4
2016 34
2017 142
2018 43
2019 4
2020 148
2021 148
2022 54
2023 148
2024 150
2025 43
2026 69
2027 46
2028 149
2029 149
2030 149
2031 9
2032 149
2033 92 140 146
2034 120
2035 120
2036 139
2037 138
2038 120
2039 8
2040 139
2041 120
2042 134
2043 40
2044 134
2045 37
2046 141
2047 13
2048 109
2049 39
2050 9
2051 146
2052 42
2053 83
2054 83
2055 83
2056 52
2057 51 54 116
2058 63
2059 102
2060 43
2061 27
2062 49
2063 63
2064 43
2065 129
2066 27
2067 5
2068 16
2069 3
2070 135
2071 77
2072 135
2073 25
2074 47
2075 118
2076 71
2077 26
2078 79
2079 0
2080 15
2081 43
2082 21
2083 128
2084 136
2085 115
2086 68
2087 45
2088 70
2089 31
2090 127
2091 105
2092 89
2093 89
2094 89
2095 58
2096 84
2097 89
2098 89
2099 68
2100 117
2101 19
2102 6
2103 32
2104 89
2105 107
2106 103
2107 118
2108 43
2109 113
2110 43
2111 32
2112 149
2113 98
2114 113
2115 113
2116 125
2117 81
2118 2
2119 135
2120 74
2121 14
2122 16
2123 0
2124 43
2125 15 41 69
2126 85
2127 81
2128 43
2129 107
2130 89
2131 129
2132 4
2133 121
2134 89
2135 78
2136 4
2137 4
2138 53
2139 54
2140 54
2141 6
2142 54
2143 13
2144 37
2145 59
2146 22
2147 29
2148 29
2149 111
2150 29
2151 70
2152 73
2153 111
2154 109
2155 109
2156 121
2157 111
2158 111
2159 35
2160 124
2161 124
2162 108
2163 130
2164 64
2165 35
2166 58
2167 86
2168 124
2169 15
2170 35
2171 129
2172 35
2173 35
2174 35
2175 91
2176 18
2177 18
2178 69
2179 18
2180 112
2181 18
2182 129
2183 129
2184 60
2185 131
2186 131
2187 129
2188 129
2189 4
2190 86
2191 60
2192 137
2193 121
2194 146
2195 140
2196 53
2197 77
2198 111
2199 111
2200 150
2201 111
2202 111
2203 74
2204 111
2205 111
2206 89
2207 27
2208 77
2209 31
2210 43
2211 27
2212 88
2213 46
2214 106
2215 106
2216 106
2217 106
2218 0
2219 146
2220 146
2221 44
2222 19
2223 8
2224 40
2225 77
2226 108
2227 24
2228 70
2229 70
2230 70
2231 13
2232 13
2233 70
2234 130
2235 53
2236 123
2237 26
2238 26
2239 144
2240 21
2241 36
2242 92
2243 142
2244 69
2245 69
2246 69
2247 69
2248 19
2249 78
2250 19
2251 69
2252 20
2253 69
2254 44
2255 13
2256 111
2257 128
2258 9
2259 67
2260 74
2261 14
2262 117
2263 88
2264 117
2265 117
2266 117
2267 26
2268 30
2269 81 83 113
2270 83
2271 111
2272 49
2273 36
2274 12
2275 116
2276 94
2277 71
2278 71
2279 0
2280 71
2281 59
2282 90 92 101
2283 78
2284 43
2285 18
2286 99
2287 22
2288 53
2289 69
2290 50
2291 109
2292 104
2293 75
2294 53
2295 28
2296 31
2297 28
2298 119
2299 51
2300 138
2301 33
2302 142
2303 50
2304 98
2305 78
2306 64
2307 142
2308 64
2309 142
2310 17
2311 146
2312 64
2313 11
2314 24
2315 61
2316 141
2317 74
2318 31
2319 24
2320 111
2321 31
2322 149
2323 31
2324 98
2325 110
2326 29
2327 40
2328 68
2329 6
2330 5 113 121
2331 111
2332 69
2333 25
2334 109
2335 132
2336 51
2337 68
2338 132
2339 12
2340 131
2341 46
2342 64
2343 71
2344 115
2345 28
2346 138
2347 28
2348 46
2349 57
2350 70
2351 32
2352 12
2353 47
2354 75
2355 104
2356 79
2357 47
2358 85
2359 141
2360 85
2361 86
2362 85
2363 85
2364 65
2365 47
2366 47
2367 130
2368 125
2369 125
2370 125
2371 119
2372 54
2373 28
2374 150
2375 42
2376 94
2377 101
2378 82
2379 43
2380 21
2381 91
2382 22
2383 120
2384 41
2385 115
2386 105
2387 13
2388 135
2389 118
2390 118
2391 118
2392 121
2393 118
2394 118
2395 145
2396 94
2397 56
2398 118
2399 118
2400 150
2401 8
2402 88
2403 26
2404 127
2405 79
2406 44
2407 133
2408 8
2409 14
2410 43
2411 10
2412 41
2413 32
2414 13
2415 43
2416 68
2417 61
2418 68
2419 150
2420 16
2421 43
2422 16
2423 111
2424 55
2425 74
2426 55
2427 74
2428 45
2429 47
2430 115
2431 71
2432 6
2433 120
2434 47
2435 91
2436 82
2437 17 88 107
2438 39 41 97
2439 108
2440 82
2441 82
2442 72
2443 8 29 113
2444 31
2445 10
2446 17
2447 71
2448 71
2449 118
2450 133
2451 23
2452 142
2453 90
2454 42
2455 39
2456 124
2457 16
2458 135
2459 140
2460 135
2461 126
2462 28
2463 22
2464 71
2465 12
2466 78 109 142
2467 11
2468 37
2469 88
2470 112
2471 106
2472 33
2473 54
2474 54
2475 44
2476 148
2477 93
2478 127
2479 126
2480 55
2481 127
2482 126
2483 127
2484 149
2485 52
2486 137
2487 3
2488 5
2489 85
2490 52
2491 85
2492 73
2493 55
2494 123
2495 128
2496 6
2497 20
2498 20
2499 20
2500 20
2501 149
2502 103
2503 2
2504 24
2505 112
2506 112
2507 77
2508 141
2509 18
2510 25
2511 16
2512 16
2513 16
2514 16
2515 16
2516 16
2517 64
2518 2
2519 115
2520 85
2521 43
2522 19
2523 62
2524 47
2525 85
2526 1
2527 49
2528 58
2529 13
2530 91
2531 41
2532 92
2533 146
2534 85
2535 51
2536 53
2537 108
2538 43
2539 43
2540 88
2541 43
2542 103
2543 12
2544 111
2545 111
2546 44
2547 113
2548 31
2549 35
2550 31
2551 31
2552 34
2553 135
2554 10
2555 66
2556 118
2557 104
2558 1
2559 82
2560 121
2561 39
2562 46
2563 112
2564 49
2565 64
2566 83
2567 83
2568 83
2569 83
2570 40
2571 34
2572 31
2573 85
2574 126
2575 67
2576 78
2577 33
2578 18
2579 88
2580 18
2581 74 92 131
2582 49
2583 27
2584 136
2585 93
2586 88
2587 84
2588 133
2589 110
2590 144
2591 20
2592 104
2593 137
2594 104
2595 83
2596 114
2597 124
2598 124
2599 26
2600 124
2601 132
2602 145
2603 145
2604 143
2605 18
2606 49
2607 28
2608 17
2609 18
2610 140
2611 147
2612 73
2613 67
2614 34
2615 140
2616 73
2617 24
2618 101
2619 108
2620 140
2621 67
2622 118
2623 10
2624 135
2625 131
2626 89
2627 128
2628 124
2629 28 35 75
2630 89
2631 43
2632 34
2633 129
2634 24
2635 5
2636 131
2637 141
2638 91
2639 28
2640 32
2641 43
2642 49
2643 137
2644 93
2645 54
2646 64
2647 37
2648 132
2649 40
2650 150
2651 150
2652 58
2653 102
2654 150
2655 150
2656 31
2657 31
2658 31
2659 26
2660 67
2661 55
2662 119
2663 34
2664 83
2665 45
2666 39
2667 137
2668 121
2669 102
2670 4
2671 9
2672 60
2673 5
2674 126
2675 96
2676 0
2677 57
2678 107
2679 25
2680 21
2681 29
2682 103
2683 103
2684 56
2685 105
2686 5
2687 84
2688 80
2689 89
2690 105
2691 2
2692 19
2693 30
2694 111
2695 111
2696 43
2697 47
2698 2
2699 47
2700 5
2701 71
2702 101
2703 17
2704 51
2705 88
2706 71
2707 71
2708 11
2709 67
2710 110
2711 142
2712 74
2713 24
2714 16
2715 2
2716 90
2717 76
2718 16
2719 13
2720 8
2721 77
2722 77
2723 79
2724 77
2725 135
2726 52
2727 126
2728 117
2729 117
2730 117
2731 91
2732 54
2733 18
2734 21
2735 75
2736 79
2737 4
2738 80
2739 40
2740 79
2741 67
2742 90
2743 44
2744 56
2745 43
2746 37
2747 37
2748 11
2749 99
2750 43
2751 31
2752 51
2753 43
2754 37
2755 37
2756 55
2757 143
2758 2
2759 105
2760 62
2761 52
2762 81
2763 30
2764 100
2765 55
2766 37
2767 126
2768 63
2769 145
2770 111
2771 124
2772 35
2773 91
2774 124
2775 124
2776 124
2777 59
2778 88
2779 25
2780 36
2781 25
2782 11
2783 57
2784 11
2785 4
2786 22
2787 119
2788 9
2789 96
2790 57
2791 43
2792 71
2793 149
2794 146
2795 68
2796 71
2797 59
2798 68
2799 97
2800 50
2801 90
2802 90
2803 90
2804 93
2805 114
2806 114
2807 114
2808 114
2809 114
2810 144
2811 102
2812 16
2813 148
2814 3
2815 82
2816 72
2817 132
2818 80
2819 111
2820 34
2821 22
2822 43
2823 91
2824 56
2825 56
2826 49
2827 110
2828 128
2829 97
2830 111
2831 143
2832 111
2833 111
2834 111
2835 111
2836 17
2837 49
2838 68
2839 71
2840 68
2841 88
2842 102
2843 102
2844 71
2845 148
2846 146
2847 18
2848 137
2849 34
2850 10
2851 115
2852 137
2853 141
2854 43
2855 25
2856 33
2857 148
2858 148
2859 148
2860 148
2861 148
2862 148
2863 117
2864 148
2865 18
2866 68
2867 68
2868 57
2869 64
2870 85
2871 135
2872 27
2873 27
2874 118
2875 85
2876 78
2877 60
2878 11
2879 43
2880 108
2881 20
2882 47
2883 43
2884 43
2885 51
2886 49
2887 84
2888 68
2889 43
2890 39
2891 18
2892 9
2893 82
2894 18
2895 29
2896 83
2897 106
2898 106
2899 106
2900 63
2901 49
2902 20
2903 88
2904 85
2905 85
2906 120
2907 36
2908 43
2909 114
2910 35
2911 36
2912 89
2913 78
2914 40
2915 64
2916 19
2917 139
2918 114
2919 123
2920 1
2921 25
2922 20
2923 25
2924 143
2925 25
2926 16
2927 25
2928 138
2929 118
2930 138
2931 47
2932 24
2933 141
2934 47
2935 47
2936 134
2937 44
2938 70
2939 71
2940 2
2941 18
2942 7
2943 43
2944 49
2945 28
2946 111
2947 49
2948 11
2949 17
2950 32 56 144
2951 28
2952 49
2953 49
2954 60
2955 94
2956 49
2957 49
2958 1
2959 80
2960 150
2961 54 72 79
2962 22
2963 138
2964 109
2965 123
2966 44
2967 44
2968 35
2969 77
2970 51
2971 56
2972 23
2973 55
2974 33
2975 31
2976 24
2977 57
2978 85
2979 91
2980 44
2981 114
2982 102
2983 92
2984 13 45 51
2985 24
2986 20
2987 123
2988 127
2989 46
2990 14
2991 135
2992 141
2993 85
2994 135
2995 138
2996 118
2997 27
2998 118
2999 118
3000 104
3001 128
3002 16
3003 16
3004 56
3005 16
3006 117
3007 141
3008 117
3009 128
3010 148
3011 40
3012 148
3013 34
3014 79
3015 64
3016 27
3017 47
3018 0
3019 13
3020 98
3021 109
3022 52
3023 71
3024 73
3025 103
3026 60
3027 54
3028 65
3029 14
3030 73
3031 146
3032 13
3033 51
3034 146
3035 130
3036 146
3037 119
3038 44
3039 137
3040 52
3041 43
3042 135
3043 28
3044 82
3045 139
3046 30
3047 139
3048 147
3049 87
3050 129
3051 54 92 104 123
3052 90
3053 95
3054 103
3055 88
3056 98
3057 103
3058 141
3059 6
3060 82
3061 102
3062 9
3063 23
3064 132
3065 37
3066 8
3067 145
3068 8
3069 8
3070 93
3071 8
3072 130
3073 116
3074 123
3075 103
3076 143
3077 143
3078 73
3079 11
3080 25 95 113 131
3081 51 54 116
3082 17
3083 49
3084 51
3085 41
3086 143
3087 11
3088 64
3089 98
3090 56
3091 3
3092 112
3093 116
3094 67
3095 122
3096 118
3097 32
3098 38
3099 107
3100 145
3101 115
3102 115
3103 68
3104 45
3105 60
3106 146
3107 111
3108 11
3109 43
3110 43
3111 130
3112 23
3113 71
3114 111
3115 104
3116 130
3117 85
3118 115
3119 85
3120 63
3121 109
3122 138
3123 18
3124 82
3125 43
3126 38
3127 24
3128 73
3129 31
3130 25
3131 50
3132 0
3133 127
3134 90
3135 110
3136 110
3137 110
3138 31
3139 31
3140 23
3141 85
3142 139
3143 2
3144 82
3145 79
3146 6
3147 129
3148 80
3149 114
3150 77
3151 77
3152 95
3153 57
3154 77
3155 59
3156 6
3157 88
3158 130
3159 5
3160 114
3161 114
3162 66
3163 80
3164 76
3165 59
3166 66
3167 24
3168 69
3169 136
3170 71
3171 137
3172 134
3173 58
3174 111
3175 69
3176 19
3177 44
3178 70
3179 31
3180 110
3181 49
3182 141
3183 17
3184 30
3185 49
3186 23
3187 23
3188 70
3189 45
3190 43
3191 43
3192 85
3193 27
3194 90
3195 30
3196 73
3197 96
3198 92
3199 78
3200 63
3201 61
3202 54 123 136
3203 24
3204 27 54 116
3205 96
3206 127
3207 71
3208 13
3209 98
3210 88
3211 37
3212 131
3213 36
3214 94
3215 146
3216 136
3217 61
3218 74
3219 65
3220 22
3221 136
3222 20
3223 78
3224 78
3225 150
3226 35
3227 132
3228 78
3229 123
3230 21
3231 116
3232 48
3233 3
3234 72
3235 96
3236 19
3237 127
3238 37
3239 122
3240 100
3241 67
3242 78
3243 75
3244 78
3245 143
3246 5
3247 103
3248 103
3249 103
3250 51
3251 116
3252 62
3253 63
3254 116
3255 21
3256 142
3257 82
3258 15
3259 121
3260 91
3261 27
3262 145
3263 43
3264 141
3265 33
3266 113
3267 64
3268 92
3269 60
3270 88
3271 147
3272 145
3273 65
3274 89
3275 89
3276 43
3277 81
3278 85
3279 119
3280 35
3281 82
3282 94
3283 79
3284 51
3285 51
3286 51
3287 145
3288 91
3289 91
3290 33
3291 145
3292 145
3293 145
3294 85
3295 47
3296 43
3297 56
3298 56
3299 37
3300 71
3301 37
3302 105
3303 59
3304 114
3305 22
3306 32
3307 121
3308 111
3309 94
3310 101
3311 24
3312 24
3313 85
3314 43
3315 132
3316 43
3317 19
3318 20
3319 114
3320 74
3321 47
3322 43
3323 31
3324 127
3325 77
3326 132
3327 88
3328 68
3329 46
3330 95
3331 88
3332 107
3333 62
3334 51
3335 43
3336 52
3337 43
3338 121
3339 37
3340 43
3341 63
3342 79
3343 63
3344 108
3345 149
3346 111
3347 111
3348 117
3349 16
3350 16
3351 58
3352 149
3353 150
3354 51
3355 24
3356 44
3357 138
3358 117
3359 117
3360 147
3361 116
3362 27
3363 12
3364 118
3365 113
3366 43
3367 27
3368 113
3369 27
3370 27
3371 78
3372 78
3373 117
3374 75
3375 19
3376 142
3377 20
3378 64
3379 132
3380 40
3381 130
3382 23
3383 56
3384 106
3385 56
3386 132
3387 56
3388 107
3389 48
3390 85
3391 23
3392 99
3393 136
3394 121
3395 32
3396 130
3397 130
3398 54
3399 28
3400 127
3401 54
3402 73
3403 18
3404 6
3405 18
3406 94
3407 96
3408 35
3409 111
3410 92
3411 73
3412 74
3413 53
3414 73
3415 73
3416 51
3417 111
3418 78
3419 78
3420 78
3421 60
3422 49
3423 75
3424 144
3425 132
3426 12 86 140
3427 4
3428 20
3429 96
3430 96
3431 144
3432 63
3433 144
3434 62
3435 119
3436 31
3437 116
3438 69
3439 64
3440 72
3441 2
3442 72
3443 72
3444 72
3445 57
3446 15
3447 28
3448 28
3449 28
3450 91
3451 138
3452 106
3453 42
3454 73
3455 7
3456 43
3457 7
3458 43
3459 43
3460 122
3461 43
3462 49
3463 43
3464 28
3465 132
3466 47
3467 51
3468 22
3469 24
3470 136
3471 85
3472 21
3473 21
3474 20
3475 150
3476 114
3477 9
3478 108
3479 85
3480 24
3481 31
3482 19 56 58
3483 37
3484 119
3485 50
3486 51
3487 64
3488 71
3489 85
3490 95
3491 54 72 79
3492 88
3493 120
3494 71
3495 29
3496 30
3497 71
3498 121
3499 142
3500 127
3501 73
3502 15
3503 126
3504 73
3505 145
3506 58
3507 68
3508 24
3509 3
3510 20
3511 37
3512 37
3513 20
3514 120
3515 16
3516 41
3517 54
3518 85
3519 135
3520 75
3521 135
3522 135
3523 32
3524 32
3525 60
3526 135
3527 68
3528 21
3529 79
3530 36
3531 137
3532 85
3533 97
3534 85
3535 15
3536 74
3537 85
3538 24
3539 114
3540 30
3541 77
3542 43
3543 24
3544 4
3545 12
3546 142
3547 22
3548 38
3549 35
3550 22
3551 41
3552 146
3553 109
3554 77
3555 142
3556 142
3557 111
3558 44
3559 44
3560 16
3561 16
3562 16
3563 1
3564 2
3565 22
3566 79 88 113
3567 88
3568 129
3569 138
3570 21
3571 95
3572 142
3573 33 35 123 147
3574 139
3575 63
3576 129
3577 95
3578 111
3579 16
3580 38
3581 47
3582 113
3583 109
3584 25
3585 95
3586 97
3587 12
3588 95
3589 95
3590 146
3591 65
3592 64
3593 43
3594 52
3595 123
3596 96
3597 94
3598 40 120 131 140
3599 0
3600 60
3601 77
3602 20
3603 102
3604 111
3605 111
3606 111
3607 111
3608 60
3609 70
3610 72
3611 105
3612 43
3613 79
3614 89
3615 86
3616 43
3617 103
3618 32 56 144
3619 78
3620 102
3621 87
3622 2
3623 49
3624 12 43 54
3625 125
3626 89
3627 70
3628 134
3629 150
3630 31
3631 47
3632 56
3633 92
3634 45
3635 31
3636 15
3637 121
3638 38
3639 4
3640 44
3641 4
3642 1
3643 96
3644 1
3645 110
3646 88
3647 106
3648 36
3649 93
3650 6
3651 150
3652 116
3653 19
3654 18
3655 117
3656 111
3657 4
3658 127
3659 130
3660 34
3661 34
3662 55
3663 67
3664 43
3665 43
3666 32
3667 119
3668 130
3669 32
3670 73
3671 32
3672 111
3673 120
3674 127
3675 127
3676 118
3677 13
3678 123
3679 71
3680 103
3681 50
3682 24
3683 102
3684 21
3685 49
3686 29
3687 52
3688 13
3689 28
3690 91
3691 71
3692 103
3693 71
3694 68
3695 17
3696 71
3697 68
3698 129
3699 23
3700 119
3701 23
3702 69
3703 61
3704 61
3705 61
3706 143
3707 7
3708 34
3709 134
3710 127
3711 127
3712 35 97 127
3713 127
3714 64
3715 108
3716 80
3717 86
3718 85
3719 64
3720 95
3721 27
3722 95
3723 82
3724 138
3725 96
3726 12
3727 1
3728 129
3729 72
3730 88
3731 142
3732 43
3733 43
3734 43
3735 40
3736 14
3737 108
3738 15
3739 84
3740 15
3741 15
3742 137
3743 34
3744 137
3745 137
3746 35
3747 35
3748 77
3749 35
3750 41
3751 111
3752 143
3753 35
3754 6
3755 109
3756 54
3757 50
3758 132
3759 43
3760 122
3761 37
3762 148
3763 37
3764 28
3765 57
3766 127
3767 134
3768 111
3769 120
3770 129
3771 129
3772 83
3773 136
3774 74
3775 113
3776 7
3777 7
3778 147
3779 7
3780 26
3781 79
3782 64
3783 43
3784 24 58 116
3785 123
3786 4
3787 1
3788 70
3789 33
3790 116
3791 31
3792 35
3793 45
3794 35
3795 10
3796 23
3797 111
3798 95
3799 13 37 143
3800 64
3801 31
3802 4
3803 24
3804 24
3805 133
3806 146
3807 74
3808 85
3809 150
3810 45
3811 71
3812 12
3813 51
3814 20
3815 119
3816 150
3817 95
3818 17 88 107
3819 95
3820 95
3821 95
3822 116
3823 72
3824 17 49 79 92 128
3825 19
3826 6
3827 129
3828 86
3829 143
3830 129
3831 114
3832 7
3833 127
3834 123
3835 114
3836 107
3837 138
3838 47
3839 135
3840 118
3841 5 32 45 132
3842 25
3843 112
3844 49
3845 136
3846 24
3847 49
3848 121
3849 35
3850 57
3851 24
3852 24
3853 143
3854 95
3855 74
3856 24
3857 119
3858 68
3859 106
3860 114
3861 70
3862 8
3863 8
3864 8
3865 122
3866 38
3867 89
3868 56
3869 21
3870 75
3871 56
3872 111
3873 64
3874 85
3875 21
3876 49
3877 65
3878 104
3879 65
3880 129
3881 76
3882 122
3883 33
3884 52
3885 43
3886 129
3887 11
3888 120
3889 137
3890 149
3891 131
3892 137
3893 20
3894 130
3895 25
3896 71
3897 58
3898 31
3899 148
3900 136
3901 132
3902 53
3903 17
3904 71
3905 149
3906 6
3907 27 51 54
3908 101
3909 24
3910 45
3911 35
3912 124
3913 125
3914 83
3915 63
3916 86
3917 21
3918 90
3919 67
3920 80
3921 44
3922 80
3923 67
3924 43
3925 97
3926 51
3927 27
3928 128
3929 34
3930 97
3931 61
3932 52
3933 132
3934 120
3935 115
3936 76
3937 49
3938 79
3939 17
3940 138
3941 64
3942 79
3943 116
3944 42
3945 73
3946 71
3947 135
3948 94
3949 71
3950 25
3951 139
3952 139
3953 88
3954 138
3955 146
3956 91
3957 43
3958 67
3959 43
3960 67
3961 85
3962 25
3963 91
3964 25
3965 90
3966 90
3967 27
3968 3
3969 40
3970 28
3971 51 71 107
3972 137
3973 28
3974 123
3975 108
3976 122
3977 148
3978 108
3979 148
3980 106
3981 81
3982 84
3983 83
3984 11
3985 63
3986 63
3987 40
3988 142
3989 139
3990 142
3991 43
3992 16
3993 21
3994 26
3995 127
3996 71
3997 137
3998 71
3999 45
4000 43
4001 35
4002 26
4003 6
4004 42
4005 6
4006 69
4007 69
4008 69
4009 69
4010 7
4011 7
4012 7
4013 7
4014 139
4015 27
4016 83
4017 58
4018 129
4019 72
4020 36
4021 72 81 106
4022 69
4023 69
4024 69
4025 55 75 80
4026 64
4027 31
4028 74
4029 22
4030 114
4031 128
4032 108
4033 126
4034 2
4035 3
4036 133
4037 146
4038 37
4039 12 27 28 32 49
4040 134
4041 88
4042 118
4043 43
4044 130
4045 35
4046 130
4047 49
4048 35
4049 76
4050 149
4051 111
4052 121
4053 111
4054 21
4055 21
4056 21
4057 21
4058 21
4059 137
4060 91
4061 121
4062 69
4063 21
4064 150
4065 132
4066 114
4067 52
4068 114
4069 41
4070 122
4071 124
4072 23
4073 28
4074 3
4075 28
4076 121
4077 137
4078 117
4079 84
4080 69
4081 89
4082 43
4083 49
4084 111
4085 28
4086 62
4087 131
4088 95
4089 51
4090 86
4091 129
4092 87
4093 69
4094 122
4095 37
4096 51
4097 6
4098 0
4099 6
4100 6
4101 33
4102 29
4103 6
4104 65
4105 105
4106 11
4107 122
4108 37
4109 140
4110 53
4111 85
4112 37
4113 122
4114 75
4115 74
4116 69
4117 147
4118 132
4119 74
4120 73
4121 49
4122 11
4123 109
4124 54
4125 43
4126 60
4127 146
4128 8 43 108
4129 53
4130 111
4131 90
4132 43
4133 43
4134 43
4135 24
4136 29
4137 40
4138 99
4139 3
4140 19
4141 143
4142 57
4143 77
4144 56
4145 97
4146 125
4147 106
4148 24
4149 54
4150 54
4151 54
4152 43
4153 43
4154 43
4155 43
4156 43
4157 106
4158 69
4159 69
4160 43
4161 21
4162 69
4163 130
4164 43
4165 14
4166 91
4167 14
4168 49
4169 43
4170 54
4171 42
4172 54
4173 36
4174 146
4175 49
4176 39
4177 71
4178 43
4179 5
4180 138
4181 42
4182 73
4183 73
4184 73
4185 118
4186 31
4187 49 54 147
4188 143
4189 51
4190 27
4191 51
4192 34
4193 8
4194 104
4195 39
4196 123
4197 63
4198 104
4199 28
4200 28
4201 85
4202 48
4203 115
4204 5 113 121
4205 137
4206 138
4207 18
4208 67
4209 121
4210 90
4211 34
4212 90
4213 137
4214 88
4215 112
4216 40
4217 98
4218 27
4219 40
4220 47
4221 29
4222 29
4223 61
4224 29
4225 114
4226 42
4227 110
4228 62
4229 92
4230 58
4231 111
4232 58
4233 9
4234 123
4235 19 56 58
4236 22
4237 54
4238 132
4239 138
4240 148
4241 108
4242 108
4243 108
4244 63
4245 108
4246 120
4247 46
4248 49
4249 74
4250 113
4251 83
4252 3
4253 3
4254 130
4255 6
4256 37
4257 44
4258 42
4259 64
4260 68
4261 143
4262 95
4263 25
4264 71
4265 38
4266 71
4267 31
4268 46
4269 31
4270 85
4271 137
4272 94
4273 15
4274 15
4275 15
4276 103
4277 15
4278 56
4279 43
4280 127
4281 132
4282 126
4283 37
4284 24
4285 24
4286 108
4287 24
4288 73
4289 85
4290 74
4291 90
4292 147
4293 143
4294 116
4295 75
4296 97
4297 14
4298 123
4299 49
4300 146
4301 14
4302 149
4303 49
4304 67
4305 67
4306 67
4307 67
4308 67
4309 38
4310 99
4311 99
4312 99
4313 71
4314 62
4315 110
4316 130
4317 136
4318 107
4319 120
4320 148
4321 131
4322 120
4323 138
4324 15
4325 108
4326 15
4327 144
4328 58
4329 114
4330 114
4331 86
4332 146
4333 90
4334 128
4335 94
4336 92 140 146
4337 12
4338 99
4339 135
4340 37
4341 128
4342 3
4343 104
4344 28
4345 6
4346 28
4347 116
4348 20
4349 28
4350 136
4351 74
4352 116
4353 140
4354 112
4355 105
4356 97
4357 134
4358 59
4359 31
4360 63
4361 117
4362 43
4363 43
4364 43
4365 27
4366 27
4367 95
4368 39
4369 50
4370 116
4371 138
4372 61
4373 129
4374 138
4375 31
4376 51
4377 43
4378 9
4379 95
4380 139
4381 111
4382 25
4383 108
4384 11
4385 1
4386 117
4387 25
4388 104
4389 62
4390 2
4391 82
4392 82
4393 115
4394 120
4395 120
4396 29
4397 29
4398 29
4399 29
4400 29
4401 29
4402 29
4403 29
4404 87
4405 138
4406 148
4407 74
4408 37
4409 43
4410 120
4411 101
4412 116
4413 29
4414 137
4415 3
4416 3
4417 3
4418 3
4419 35
4420 8 43 108
4421 136
4422 72
4423 136
4424 43
4425 31
4426 38
4427 81
4428 38
4429 14
4430 119
4431 150
4432 70
4433 101
4434 17
4435 122
4436 17
4437 115
4438 129
4439 41
4440 122
4441 65
4442 75
4443 116
4444 42
4445 146
4446 74
4447 138
4448 109
4449 62
4450 139
4451 17 88 107
4452 41
4453 114
4454 129
4455 48
4456 45
4457 150
4458 150
4459 103
4460 103
4461 14
4462 76
4463 44
4464 110
4465 76
4466 55
4467 62
4468 3
4469 3
4470 25 95 113 131
4471 85
4472 111
4473 71
4474 71
4475 97
4476 4
4477 125
4478 4
4479 4
4480 12 27 28 32 49
4481 42
4482 71
4483 116
4484 98
4485 67
4486 94
4487 105
4488 131
4489 8
4490 8
4491 73
4492 97
4493 14
4494 85
4495 26
4496 26
4497 72
4498 25
4499 85
4500 43
4501 43
4502 20
4503 22
4504 130
4505 135
4506 135
4507 85
4508 39
4509 150
4510 35
4511 43
4512 43
4513 43
4514 2
4515 77
4516 43
4517 109
4518 43
4519 116
4520 148
4521 47
4522 6
4523 19
4524 147
4525 147
4526 30
4527 38
4528 74
4529 31
4530 31
4531 148
4532 120
4533 149
4534 29
4535 36
4536 132
4537 8
4538 43
4539 45
4540 41
4541 127
4542 12
4543 118
4544 118
4545 127
4546 41
4547 134
4548 127
4549 17
4550 94
4551 94
4552 100
4553 127
4554 101
4555 63
4556 111
4557 28
4558 91
4559 56
4560 147
4561 31
4562 47
4563 134
4564 16
4565 43
4566 141
4567 141
4568 138
4569 108
4570 60
4571 32
4572 42
4573 119
4574 110
4575 110
4576 114
4577 75
4578 114
4579 111
4580 133
4581 91
4582 144
4583 57
4584 145
4585 29
4586 111
4587 111
4588 111
4589 34
4590 86
4591 63
4592 146
4593 86
4594 144
4595 144
4596 30
4597 31
4598 1
4599 144
4600 49
4601 68
4602 116
4603 56
4604 64
4605 15 54 91
4606 64
4607 111
4608 108
4609 91
4610 127
4611 136
4612 129
4613 24
4614 127
4615 127
4616 37
4617 53
4618 119
4619 116
4620 121
4621 91
4622 73
4623 138
4624 4
4625 37
4626 129
4627 93
4628 65
4629 148
4630 103
4631 108
4632 95
4633 79 88 113
4634 43
4635 95
4636 111
4637 16
4638 21
4639 8
4640 90
4641 67
4642 37
4643 67
4644 67
4645 138
4646 72
4647 49
4648 111
4649 78
4650 12
4651 57
4652 134
4653 145
4654 77
4655 145
4656 85
4657 129
4658 1
4659 67
4660 4
4661 39
4662 24
4663 60
4664 35
4665 76
4666 12
4667 90
4668 89
4669 89
4670 7
4671 48
4672 71
4673 54
4674 142
4675 54
4676 10 12 51
4677 0
4678 13
4679 140
4680 59
4681 135
4682 135
4683 135
4684 135
4685 94
4686 72
4687 141
4688 61
4689 4 32 146
4690 117
4691 56
4692 122
4693 74
4694 116
4695 73
4696 39
4697 9
4698 89
4699 107
4700 111
4701 89
4702 31
4703 130
4704 74
4705 64
4706 8
4707 74
4708 86
4709 19
4710 67
4711 56
4712 32
4713 69
4714 69
4715 123
4716 92
4717 68
4718 47
4719 49
4720 43
4721 18
4722 111
4723 122
4724 143
4725 146
4726 100
4727 40
4728 122
4729 133
4730 88
4731 32
4732 32
4733 135
4734 135
4735 70
4736 53
4737 70
4738 4
4739 129
4740 4
4741 77
4742 38
4743 69
4744 20
4745 69
4746 140
4747 78
4748 43
4749 52
4750 125
4751 43
4752 71
4753 18
4754 72
4755 93
4756 72
4757 74
4758 142
4759 7
4760 31
4761 31
4762 3
4763 31
4764 31
4765 127
4766 73
4767 89
4768 13
4769 115
4770 64
4771 64
4772 64
4773 64
4774 37
4775 37
4776 37
4777 37
4778 37
4779 37
4780 37
4781 43
4782 43
4783 117
4784 95
4785 95
4786 95
4787 67
4788 115
4789 67
4790 34
4791 31
4792 58
4793 31
4794 18
4795 69
4796 76
4797 38
4798 76
4799 129
4800 76
4801 31
4802 3
4803 130
4804 108
4805 3
4806 78
4807 123
4808 78
4809 56
4810 146
4811 21
4812 123
4813 131
4814 27
4815 103
4816 84
4817 65
4818 50
4819 37
4820 94
4821 145
4822 146
4823 94
4824 94
4825 90
4826 94
4827 113
4828 136
4829 5
4830 25
4831 25
4832 141
4833 129
4834 16
4835 126
4836 144
4837 16
4838 81
4839 144
4840 23
4841 112
4842 110
4843 88
4844 30
4845 22
4846 20
4847 31
4848 108
4849 118
4850 115
4851 28
4852 112
4853 95
4854 56
4855 28
4856 28
4857 32
4858 32
4859 32
4860 32
4861 32
4862 21
4863 99
4864 5
4865 11
4866 43
4867 43
4868 29
4869 77
4870 148
4871 77
4872 3
4873 129
4874 127
4875 3
4876 86
4877 67
4878 93
4879 70
4880 22
4881 63
4882 149
4883 42
4884 42
4885 42
4886 42
4887 28 95 131
4888 96
4889 96
4890 42
4891 23
4892 23
4893 18
4894 23
4895 71
4896 71
4897 111
4898 35
4899 2
4900 44
4901 56
4902 4
4903 31
4904 31
4905 17
4906 74
4907 31
4908 94
4909 94
4910 130
4911 94
4912 119
4913 134
4914 111
4915 85
4916 5
4917 105
4918 91
4919 50
4920 31
4921 18
4922 90
4923 7
4924 34
4925 132
4926 16
4927 76
4928 121
4929 22
4930 35
4931 25
4932 29
4933 12 43 54
4934 67
4935 82
4936 91
4937 141
4938 43
4939 42
4940 80
4941 77
4942 17
4943 11
4944 137
4945 135
4946 85
4947 118
4948 3
4949 3
4950 24
4951 42
4952 42
4953 42
4954 40
4955 50
4956 114
4957 114
4958 114
4959 17
4960 133
4961 106
4962 66
4963 106
4964 144
4965 51 54 116
4966 12
4967 22
4968 100
4969 106
4970 106
4971 106
4972 83
4973 42
4974 82
4975 111
4976 103
4977 82
4978 6
4979 6
4980 54
4981 130
4982 80
4983 105
4984 74
4985 76
4986 117
4987 29
4988 68
4989 47
4990 116
4991 129
4992 76
4993 76
4994 111
4995 49
4996 111
4997 80
4998 99
4999 5
5000 127
5001 49
5002 17
5003 64
5004 89
5005 29
5006 56
5007 122
5008 36
5009 15
5010 48
5011 84
5012 58
5013 91
5014 136
5015 91
5016 71
5017 71
5018 45
5019 71
5020 129
5021 43
5022 68
5023 121
5024 43
5025 87
5026 124
5027 132
5028 30
5029 104
5030 126
5031 64
5032 114
5033 43
5034 118
5035 47
5036 40
5037 101
5038 76
5039 138
5040 37
5041 144
5042 139
5043 91
5044 73
5045 43
5046 73
5047 64
5048 121
5049 83
5050 71
5051 111
5052 88
5053 52
5054 108
5055 143
5056 6
5057 49
5058 103
5059 141
5060 43
5061 138
5062 71
5063 35
5064 31
5065 69
5066 117
5067 61
5068 115
5069 69
5070 69
5071 85
5072 28
5073 143
5074 27
5075 28
5076 64
5077 3
5078 37
5079 37
5080 114
5081 114
5082 73
5083 114
5084 24
5085 32
5086 40
5087 5
5088 101
5089 117
5090 103
5091 57
5092 96
5093 96
5094 121
5095 124
5096 29
5097 143
5098 22
5099 146
5100 63
5101 148
5102 23
5103 19
5104 40
5105 16
5106 129
5107 111
5108 111
5109 97
5110 34
5111 111
5112 111
5113 143
5114 111
5115 111
5116 74
5117 113
5118 42
5119 2
5120 42
5121 31
5122 2
5123 37
5124 10
5125 82
5126 141
5127 38
5128 71
5129 71
5130 116
5131 80
5132 102
5133 28
5134 28
5135 28
5136 88
5137 43
5138 14
5139 14
5140 23
5141 83
5142 83
5143 127
5144 82
5145 27
5146 43
5147 49
5148 37
5149 131
5150 102
5151 94
5152 94
5153 43
5154 20
5155 137
5156 115
5157 109
5158 91
5159 137
5160 100
5161 100
5162 74
5163 61
5164 64
5165 70
5166 120
5167 125
5168 143
5169 67
5170 99
5171 141
5172 78
5173 71
5174 71
5175 65
5176 12
5177 38
5178 68
5179 127
5180 139
5181 77
5182 77
5183 77
5184 146
5185 111
5186 136
5187 4
5188 65
5189 69
5190 4
5191 148
5192 148
5193 29
5194 50
5195 19
5196 150
5197 149
5198 67
5199 95
5200 3
5201 61
5202 60
5203 23
5204 5
5205 5
5206 59
5207 16
5208 109
5209 108
5210 71
5211 85
5212 85
5213 85
5214 85
5215 85
5216 85
5217 85
5218 37
5219 85
5220 47
5221 73
5222 55
5223 7
5224 7
5225 85
5226 32
5227 137
5228 49
5229 87
5230 29
5231 101
5232 101
5233 101
5234 104
5235 117
5236 117
5237 37
5238 37
5239 37
5240 37
5241 37
5242 37
5243 37
5244 37
5245 37
5246 71
5247 47
5248 71
5249 20
5250 29
5251 65
5252 24
5253 24
5254 49
5255 71
5256 21
5257 21
5258 21
5259 134
5260 67
5261 19
5262 85
5263 85
5264 126
5265 38
5266 43
5267 142
5268 16
5269 111
5270 77
5271 77
5272 77
5273 22
5274 107
5275 71
5276 69
5277 136
5278 44
5279 44
5280 44
5281 112
5282 3
5283 120
5284 5
5285 138
5286 120
5287 120
5288 140
5289 11
5290 129
5291 43
5292 111
5293 111
5294 52
5295 8
5296 33
5297 5
5298 111
5299 63
5300 114
5301 91
5302 0
5303 36
5304 18
5305 18
5306 18
5307 62
5308 111
5309 63
5310 143
5311 127
5312 118
5313 128
5314 86
5315 50
5316 14
5317 44
5318 14
5319 14
5320 61
5321 77
5322 88
5323 95
5324 91
5325 95
5326 95
5327 95
5328 116
5329 93
5330 67
5331 3
5332 5 32 45 132
5333 119
5334 77
5335 30
5336 43
5337 43
5338 43
5339 76
5340 91
5341 91
5342 56
5343 124
5344 91
5345 46
5346 80
5347 101
5348 8
5349 43
5350 127
5351 15 31 39
5352 140
5353 76
5354 76
5355 52
5356 76
5357 97
5358 78
5359 111
5360 111
5361 111
5362 111
5363 22
5364 86
5365 127
5366 134
5367 127
5368 146
5369 139
5370 55
5371 143
5372 21
5373 90
5374 114
5375 30
5376 80
5377 21
5378 53
5379 142
5380 31
5381 115
5382 97
5383 31
5384 101
5385 43
5386 43
5387 27
5388 84
5389 83
5390 51
5391 88
5392 77
5393 71
5394 118
5395 42
5396 42
5397 138
5398 134
5399 149
5400 122
5401 43
5402 69
5403 147
5404 43
5405 54
5406 92
5407 78
5408 22
5409 127
5410 145
5411 93
5412 58
5413 3
5414 48
5415 46
5416 93 106 107
5417 18
5418 103
5419 29
5420 29
5421 13
5422 47
5423 56
5424 56
5425 14
5426 149
5427 130
5428 130
5429 82
5430 143
5431 17
5432 26
5433 143
5434 49
5435 21 104 111
5436 129
5437 31
5438 64
5439 16
5440 43
5441 83
5442 147
5443 150
5444 36
5445 150
5446 28
5447 28
5448 28
5449 28
5450 28
5451 28
5452 28
5453 28
5454 47
5455 43
5456 23
5457 28
5458 37
5459 127
5460 94
5461 76
5462 15
5463 46
5464 130
5465 29
5466 7
5467 76
5468 5
5469 76
5470 95
5471 54
5472 43
5473 139
5474 3
5475 42
5476 134
5477 30
5478 78
5479 146
5480 79
5481 90
5482 136
5483 113
5484 114
5485 12
5486 56
5487 44
5488 149
5489 32
5490 149
5491 143
5492 71
5493 58
5494 44
5495 116
5496 116
5497 31
5498 42
5499 78
5500 56
5501 43
5502 11
5503 54
5504 54
5505 54
5506 54
5507 28
5508 54
5509 127
5510 146
5511 30
5512 127
5513 42
5514 42
5515 109
5516 137
5517 101
5518 137
5519 23
5520 23
5521 23
5522 23
5523 37
5524 142
5525 142
5526 111
5527 99
5528 126
5529 67
5530 111
5531 52
5532 28
5533 129
5534 51
5535 50
5536 4
5537 130
5538 31
5539 77
5540 61
5541 136
5542 138
5543 61
5544 136
5545 133
5546 75
5547 53
5548 62
5549 89
5550 135
5551 107
5552 103
5553 27
5554 114
5555 55
5556 19
5557 130
5558 94
5559 130
5560 60
5561 43
5562 130
5563 130
5564 130
5565 130
5566 54
5567 25
5568 129
5569 71
5570 71
5571 28
5572 132
5573 59
5574 32 54 74 131
5575 91
5576 29
5577 29
5578 49
5579 29
5580 7
5581 138
5582 131
5583 20
5584 112
5585 49
5586 5
5587 44
5588 23
5589 146
5590 115
5591 55
5592 117
5593 144
5594 25
5595 25
5596 31
5597 114
5598 54
5599 31
5600 107
5601 5
5602 28
5603 39
5604 52
5605 64
5606 125
5607 9
5608 85
5609 94
5610 94
5611 98
5612 66
5613 66
5614 66
5615 112
5616 18
5617 3
5618 145
5619 60 88 112 132
5620 93
5621 134
5622 147
5623 9
5624 9
5625 131
5626 101
5627 64
5628 108
5629 143
5630 143
5631 143
5632 28
5633 135
5634 101
5635 134
5636 101
5637 139
5638 20
5639 55
5640 129
5641 16
5642 145
5643 16
5644 16
5645 16
5646 111
5647 55
5648 87
5649 43
5650 9
5651 134
5652 31
5653 85
5654 85
5655 117
5656 25
5657 56
5658 136
5659 65
5660 51
5661 77
5662 51
5663 79
5664 130
5665 131
5666 46
5667 12
5668 71
5669 71
5670 29
5671 13 37 143
5672 116
5673 150
5674 37
5675 55
5676 17
5677 16
5678 129
5679 49 88 113 128
5680 24
5681 71
5682 111
5683 111
5684 73
5685 59
5686 36
5687 113
5688 113
5689 118
5690 111
5691 111
5692 28
5693 32
5694 139
5695 79
5696 82
5697 35
5698 24
5699 122
5700 9
5701 78
5702 30
5703 3
5704 111
5705 147
5706 20
5707 108
5708 61
5709 129
5710 41
5711 43
5712 76
5713 70
5714 70
5715 120
5716 115
5717 23
5718 27
5719 112
5720 5
5721 145
5722 86
5723 5
5724 51
5725 89
5726 117
5727 74
5728 37
5729 143
5730 27
5731 86
5732 130
5733 31
5734 67
5735 3
5736 26
5737 3
5738 24
5739 21
5740 39
5741 39
5742 39
5743 39
5744 130
5745 91
5746 91
5747 91
5748 91
5749 31
5750 33
5751 49
5752 63
5753 73
5754 65
5755 87
5756 118
5757 64
5758 97
5759 55
5760 122
5761 39
5762 70
5763 82
5764 109
5765 49
5766 49
5767 49
5768 44
5769 132
5770 138
5771 21
5772 127
5773 43
5774 144
5775 85
5776 61
5777 2
5778 61
5779 8
5780 18
5781 91
5782 127
5783 5
5784 95
5785 142
5786 127
5787 127
5788 38
5789 32
5790 123
5791 88
5792 85
5793 70
5794 60
5795 21
5796 7
5797 5
5798 143
5799 149
5800 31
5801 92
5802 85
5803 37
5804 85
5805 80
5806 90
5807 7
5808 86
5809 136
5810 30
5811 49
5812 108
5813 149
5814 149
5815 94
5816 43
5817 116
5818 127
5819 127
5820 32 62 109
5821 127
5822 149
5823 47
5824 43
5825 129
5826 11
5827 43
5828 146
5829 66
5830 74
5831 122
5832 24
5833 67
5834 109
5835 36
5836 38
5837 47
5838 2
5839 43
5840 47
5841 43
5842 85
5843 85
5844 70
5845 85
5846 29
5847 72
5848 57
5849 43
5850 132
5851 90
5852 56
5853 40
5854 108
5855 40
5856 42
5857 40 120 131 140
5858 142
5859 122
5860 6
5861 135
5862 10
5863 51
5864 132
5865 101
5866 44
5867 150
5868 115
5869 56
5870 139
5871 38
5872 22
5873 53
5874 125
5875 125
5876 125
5877 24
5878 94
5879 124
5880 25
5881 148
5882 43
5883 79
5884 79
5885 79
5886 79
5887 79
5888 79
5889 79
5890 79
5891 79
5892 126
5893 128
5894 97
5895 54
5896 64
5897 43
5898 148
5899 51
5900 51
5901 20
5902 31
5903 75
5904 27
5905 111
5906 27
5907 27
5908 82
5909 69
5910 136
5911 44
5912 68
5913 147
5914 0
5915 32
5916 27
5917 79
5918 122
5919 122
5920 6
5921 95
5922 110
5923 85
5924 55
5925 31
5926 19
5927 3
5928 31
5929 31
5930 31
5931 78
5932 80
5933 119
5934 48
5935 53
5936 145
5937 71
5938 142
5939 101
5940 71
5941 140
5942 85
5943 25
5944 42
5945 3
5946 3
5947 3
5948 141
5949 3
5950 116
5951 77
5952 52
5953 52
5954 43
5955 29
5956 143
5957 76
5958 116
5959 21
5960 34
5961 51
5962 51
5963 27
5964 3
5965 50
5966 56
5967 70
5968 9
5969 117
5970 127
5971 144
5972 127
5973 85
5974 105
5975 60
5976 31
5977 138
5978 138
5979 25
5980 119
5981 71
5982 37
5983 94
5984 4
5985 44
5986 17
5987 145
5988 114
5989 114
5990 44
5991 114
5992 114
5993 31
5994 78
5995 146
5996 132
5997 101
5998 37
5999 146
6000 93
6001 60
6002 127
6003 85
6004 132
6005 127
6006 43
6007 8
6008 76
6009 28
6010 77
6011 74
6012 15
6013 150
6014 50
6015 129
6016 126
6017 132
6018 52
6019 134
6020 42
6021 139
6022 92
6023 3
6024 111
6025 111
6026 35
6027 146
6028 20
6029 127
6030 139
6031 43
6032 111
6033 43
6034 8
6035 93
6036 8
6037 8
6038 114
6039 114
6040 114
6041 114
6042 114
6043 95
6044 95
6045 95
6046 150
6047 20
6048 59
6049 32
6050 32
6051 42
6052 122
6053 37
6054 146
6055 50
6056 35
6057 43
6058 39
6059 39
6060 94
6061 94
6062 134
6063 49
6064 146
6065 25
6066 143
6067 148
6068 95
6069 31
6070 64
6071 71
6072 18
6073 110
6074 81
6075 31
6076 2
6077 5
6078 65
6079 71
6080 17
6081 1
6082 60
6083 12
6084 75
6085 150
6086 37
6087 146
6088 37
6089 37
6090 37
6091 114
6092 28
6093 31
6094 127
6095 150
6096 93
6097 135
6098 71
6099 139
6100 78
6101 29
6102 92
6103 150
6104 21
6105 90
6106 82
6107 72
6108 39
6109 127
6110 109
6111 72
6112 36
6113 56
6114 75
6115 71
6116 68
6117 65
6118 68
6119 71
6120 70
6121 132
6122 42
6123 42
6124 42
6125 68
6126 0
6127 14
6128 14
6129 24
6130 111
6131 18
6132 0
6133 36
6134 114
6135 85
6136 129
6137 14
6138 143
6139 143
6140 122
6141 143
6142 116
6143 74
6144 80
6145 107
6146 35
6147 43
6148 35
6149 138
6150 138
6151 138
6152 138
6153 89
6154 138
6155 111
6156 39
6157 39
6158 51
6159 49
6160 47
6161 150
6162 150
6163 127
6164 0
6165 12
6166 15
6167 22
6168 15
6169 15
6170 71
6171 142
6172 71
6173 113
6174 93
6175 8
6176 47
6177 93
6178 116
6179 128
6180 70
6181 132
6182 148
6183 53
6184 79
6185 26
6186 139
6187 85
6188 43
6189 43
6190 51
6191 77
6192 130
6193 28
6194 21
6195 11
6196 51
6197 130
6198 127
6199 134
6200 71
6201 71
6202 109
6203 67
6204 67
6205 40
6206 34
6207 33
6208 54
6209 43
6210 26
6211 31
6212 31
6213 42
6214 31
6215 31
6216 111
6217 126
6218 22
6219 143
6220 110
6221 110
6222 72
6223 142
6224 73
6225 46
6226 109
6227 120
6228 36
6229 50
6230 71
6231 71
6232 134
6233 82
6234 62
6235 71
6236 0
6237 97
6238 132
6239 118
6240 140
6241 45
6242 12
6243 54
6244 99
6245 129
6246 99
6247 50
6248 71
6249 91
6250 92
6251 131
6252 131
6253 131
6254 129
6255 129
6256 4
6257 129
6258 129
6259 35
6260 104
6261 35
6262 35
6263 53
6264 71
6265 87
6266 138
6267 71
6268 8
6269 20
6270 73
6271 48
6272 73
6273 125
6274 2
6275 104
6276 62
6277 62
6278 62
6279 95
6280 18
6281 57
6282 135
6283 135
6284 135
6285 96
6286 17
6287 118
6288 42
6289 32
6290 139
6291 44
6292 42
6293 114
6294 114
6295 114
6296 62
6297 61
6298 28
6299 104
6300 28
6301 7
6302 16
6303 144
6304 32
6305 24
6306 24
6307 64
6308 75
6309 24
6310 43
6311 76
6312 44
6313 47
6314 93
6315 72
6316 24
6317 145
6318 144
6319 28
6320 147
6321 28
6322 4
6323 149
6324 4
6325 119
6326 62
6327 37
6328 37
6329 49
6330 88
6331 74
6332 74
6333 29
6334 29
6335 132
6336 24
6337 3
6338 101
6339 70
6340 101
6341 49
6342 23
6343 71
6344 71
6345 14
6346 78
6347 130
6348 130
6349 74
6350 27
6351 108
6352 132
6353 55
6354 131
6355 111
6356 96
6357 74
6358 131
6359 111
6360 94
6361 101
6362 78
6363 101
6364 21 104 111
6365 150
6366 43
6367 136
6368 132
6369 140
6370 88
6371 98
6372 30
6373 130
6374 60
6375 43
6376 43
6377 145
6378 41
6379 116
6380 111
6381 138
6382 20
6383 148
6384 148
6385 138
6386 138
6387 138
6388 35
6389 76
6390 147
6391 102
6392 127
6393 127
6394 127
6395 127
6396 127
6397 127
6398 127
6399 127
6400 41
6401 53
6402 80
6403 135
6404 20
6405 7
6406 131
6407 131
6408 97
6409 97
6410 8
6411 27 107 114
6412 52
6413 71
6414 71
6415 84
6416 131
6417 22
6418 51 71 107
6419 85
6420 114
6421 7
6422 95
6423 11
6424 27
6425 150
6426 150
6427 53
6428 35
6429 47
6430 43
6431 43
6432 76
6433 91
6434 108
6435 77
6436 37
6437 148
6438 122
6439 35
6440 27
6441 108
6442 27
6443 127
6444 111
6445 82
6446 71
6447 114
6448 114
6449 73
6450 36
6451 36
6452 36
6453 63
6454 31
6455 129
6456 36
6457 148
6458 142
6459 142
6460 24
6461 4
6462 38
6463 118
6464 37
6465 88
6466 139
6467 35
6468 90
6469 56
6470 132
6471 47
6472 43
6473 25
6474 85
6475 42
6476 57
6477 143
6478 42
6479 143
6480 143
6481 91
6482 119
6483 91
6484 93
6485 44
6486 44
6487 44
6488 44
6489 123
6490 5
6491 71
6492 78
6493 115
6494 43
6495 43
6496 115
6497 77
6498 120
6499 40
6500 105
6501 7
6502 7
6503 43
6504 43
6505 3
6506 0
6507 43
6508 43
6509 31
6510 31
6511 122
6512 24
6513 126
6514 114
6515 31
6516 29
6517 16
6518 77
6519 143
6520 16
6521 16
6522 16
6523 16
6524 114
6525 138
6526 82
6527 95
6528 8
6529 86
6530 27
6531 124
6532 11
6533 47
6534 76
6535 127
6536 108
6537 120
6538 134
6539 148
6540 20
6541 128
6542 29
6543 29
6544 50
6545 146
6546 29
6547 141
6548 119
6549 148
6550 108
6551 43
6552 106
6553 106
6554 106
6555 118
6556 27
6557 27
6558 27
6559 108
6560 27
6561 35
6562 92
6563 91
6564 43
6565 43
6566 117
6567 3
6568 91
6569 32
6570 146
6571 86
6572 35
6573 116
6574 144
6575 31
6576 73
6577 62
6578 91
6579 118
6580 148
6581 138
6582 138
6583 146
6584 18
6585 77
6586 18
6587 128
6588 125
6589 51
6590 138
6591 80
6592 29
6593 74
6594 74
6595 94
6596 93
6597 110
6598 95
6599 95
6600 97
6601 7
6602 99
6603 102
6604 40
6605 136
6606 146
6607 37
6608 143
6609 143
6610 122
6611 37
6612 37
6613 102
6614 57
6615 32
6616 97
6617 150
6618 124
6619 49 88 113 128
6620 29
6621 35
6622 129
6623 27 51 54
6624 35
6625 35
6626 22
6627 7
6628 27
6629 111
6630 7
6631 111
6632 43
6633 72
6634 122
6635 97
6636 25
6637 119
6638 14
6639 49
6640 104
6641 129
6642 129
6643 91
6644 103
6645 31
6646 31
6647 31
6648 146
6649 3
6650 73
6651 51
6652 51
6653 3
6654 102
6655 111
6656 111
6657 90
6658 120
6659 30
6660 15
6661 15
6662 12
6663 14
6664 142
6665 142
6666 117
6667 25
6668 54
6669 85
6670 114
6671 67
6672 67
6673 62
6674 43
6675 48
6676 43
6677 43
6678 43
6679 103
6680 20
6681 148
6682 43
6683 43
6684 43
6685 43
6686 110
6687 135
6688 134
6689 135
6690 135
6691 72
6692 50
6693 40
6694 105
6695 91
6696 128
6697 30
6698 34
6699 79
6700 26
6701 31
6702 31
6703 31
6704 31
6705 128
6706 51 72 122 143
6707 64
6708 49
6709 69
6710 105
6711 140
6712 28
6713 8
6714 146
6715 4
6716 130
6717 3
6718 146
6719 69
6720 39
6721 43
6722 28
6723 114
6724 124
6725 33
6726 137
6727 117
6728 132
6729 88
6730 143
6731 85
6732 117
6733 71
6734 62
6735 92
6736 32
6737 37
6738 87
6739 67
6740 136
6741 95
6742 7
6743 23
6744 7
6745 113
6746 14
6747 41
6748 15
6749 86
6750 67
6751 41
6752 22
6753 96
6754 139
6755 25
6756 146
6757 117
6758 25
6759 137
6760 35
6761 137
6762 105
6763 90
6764 47
6765 50
6766 37
6767 145
6768 31
6769 64 72 90
6770 11
6771 146
6772 149
6773 29
6774 142
6775 45
6776 142
6777 142
6778 111
6779 35
6780 149
6781 97
6782 8
6783 95
6784 85
6785 94
6786 60
6787 41 116 136
6788 30
6789 71
6790 15
6791 101
6792 130
6793 85
6794 19
6795 73
6796 145
6797 64
6798 150
6799 70
6800 33
6801 134
6802 15
6803 15
6804 3
6805 129
6806 144
6807 11
6808 139
6809 54
6810 111
6811 127
6812 127
6813 127
6814 5
6815 8
6816 133
6817 149
6818 103
6819 36
6820 14
6821 62
6822 54
6823 63
6824 63
6825 111
6826 132
6827 44
6828 45
6829 132
6830 43
6831 129
6832 21
6833 74
6834 114
6835 150
6836 52
6837 96
6838 52
6839 21
6840 94
6841 96
6842 7
6843 119
6844 89
6845 111
6846 111
6847 111
6848 77
6849 114
6850 87
6851 114
6852 43
6853 29
6854 105
6855 24
6856 40
6857 40
6858 64
6859 35
6860 111
6861 35
6862 56
6863 40
6864 43
6865 43
6866 43
6867 93
6868 43
6869 43
6870 71
6871 97
6872 95
6873 95
6874 95
6875 49 54 147
6876 62
6877 62
6878 36
6879 62
6880 62
6881 62
6882 79
6883 37
6884 71
6885 16
6886 64
6887 127
6888 110
6889 54
6890 54
6891 139
6892 94
6893 22
6894 64
6895 91
6896 21
6897 67
6898 21
6899 75
6900 135
6901 75
6902 2
6903 149
6904 69
6905 19
6906 145
6907 21
6908 26
6909 14
6910 64
6911 14
6912 67
6913 67
6914 67
6915 67
6916 45
6917 102
6918 97
6919 97
6920 110
6921 130
6922 70
6923 27
6924 90 92 101
6925 27
6926 43
6927 32
6928 22
6929 49
6930 91
6931 54
6932 24
6933 68
6934 43
6935 101
6936 27
6937 27
6938 57
6939 5
6940 146
6941 59
6942 129
6943 29
6944 149
6945 113
6946 100
6947 58
6948 87
6949 99
6950 77
6951 77
6952 126
6953 16
6954 13
6955 39
6956 1
6957 132
6958 73
6959 73
6960 73
6961 73
6962 73
6963 73
6964 73
6965 100
6966 74
6967 28
6968 143
6969 100
6970 8
6971 115
6972 128
6973 65
6974 25
6975 8
6976 18
6977 42
6978 42
6979 39
6980 42
6981 42
6982 42
6983 70
6984 42
6985 42
6986 42
6987 42
6988 42
6989 78
6990 142
6991 90
6992 123
6993 56
6994 70
6995 74
6996 70
6997 33
6998 70
6999 70
7000 129
7001 3
7002 29
7003 90
7004 129
7005 62
7006 127
7007 127
7008 112
7009 127
7010 127
7011 36
7012 86
7013 35
7014 75
7015 28 95 131
7016 95
7017 25
7018 74
7019 85
7020 43
7021 118
7022 62
7023 28
7024 44
7025 145
7026 145
7027 145
7028 118
7029 19 85 87
7030 86
7031 127
7032 130
7033 24
7034 9
7035 31
7036 120
7037 70
7038 25
7039 94
7040 29
7041 16
7042 61
7043 49
7044 51
7045 1
7046 43
7047 65
7048 103
7049 91
7050 25
7051 25
7052 43
7053 43
7054 118
7055 33
7056 128
7057 101
7058 101
7059 12
7060 74
7061 1
7062 71
7063 85
7064 38
7065 71
7066 62
7067 109
7068 85
7069 47
7070 115
7071 120
7072 7
7073 68
7074 111
7075 49
7076 39
7077 109
7078 53
7079 123
7080 111
7081 97
7082 111
7083 49
7084 111
7085 111
7086 111
7087 134
7088 116
7089 24
7090 137
7091 78
7092 52
7093 95
7094 91
7095 62
7096 132
7097 35
7098 94
7099 132
7100 35
7101 35
7102 132
7103 46 54 85
7104 73
7105 73
7106 4
7107 4
7108 4
7109 3
7110 3
7111 36
7112 18
7113 108
7114 150
7115 144
7116 7
7117 132
7118 8
7119 71
7120 11
7121 71
7122 42
7123 149
7124 38
7125 22
7126 136
7127 43
7128 28
7129 43
7130 130
7131 130
7132 130
7133 130
7134 91
7135 40
7136 91
7137 43
7138 108
7139 71
7140 138
7141 76
7142 129
7143 129
7144 137
7145 93
7146 36
7147 36
7148 36
7149 49
7150 6
7151 143
7152 143
7153 143
7154 43
7155 39
7156 83
7157 142
7158 110
7159 145
7160 27
7161 27
7162 27
7163 53
7164 3
7165 43
7166 69
7167 64
7168 105
7169 85
7170 14
7171 139
7172 76
7173 59
7174 142
7175 28
7176 39
7177 143
7178 3
7179 41 54 104
7180 55
7181 76
7182 70
7183 108
7184 142
7185 130
7186 110
7187 127
7188 97
7189 103
7190 37
7191 75
7192 129
7193 68
7194 79
7195 133
7196 133
7197 144
7198 111
7199 111
7200 143
7201 28
7202 72
7203 3
7204 3
7205 37
7206 37
7207 37
7208 114
7209 95
7210 32 62 109
7211 49
7212 99
7213 20
7214 116
7215 3
7216 67
7217 49
7218 34
7219 75
7220 143
7221 64
7222 118
7223 122
7224 78
7225 78
7226 43
7227 70
7228 52
7229 52
7230 101
7231 61
7232 35
7233 129
7234 56
7235 71
7236 71
7237 75
7238 47
7239 91
7240 111
7241 130
7242 40
7243 40
7244 40
7245 40
7246 40
7247 40
7248 40
7249 149
7250 31
7251 12
7252 16
7253 129
7254 40
7255 135
7256 109
7257 76
7258 21
7259 21
7260 16
7261 21
7262 21
7263 21
7264 150
7265 21
7266 3
7267 3
7268 3
7269 68
7270 66
7271 111
7272 94
7273 97
7274 129
7275 129
7276 129
7277 73
7278 114
7279 144
7280 12
7281 75
7282 9
7283 62
7284 100
7285 100
7286 100
7287 100
7288 111
7289 28
7290 128
7291 74
7292 14
7293 14
7294 49
7295 14
7296 91
7297 24
7298 146
7299 21
7300 96
7301 14
7302 82
7303 150
7304 45
7305 19 85 87
7306 74
7307 146
7308 130
7309 146
7310 24
7311 24
7312 21
7313 44
7314 44
7315 98
7316 39
7317 85
7318 65
7319 117
7320 11
7321 146
7322 67
7323 7
7324 119
7325 131
7326 129
7327 131
7328 56
7329 91
7330 27
7331 7
7332 123
7333 21
7334 93
7335 85
7336 42
7337 42
7338 42
7339 118
7340 118
7341 25
7342 37
7343 82
7344 27
7345 123
7346 4
7347 71
7348 128
7349 0
7350 8
7351 8
7352 116
7353 149
7354 132
7355 72
7356 21
7357 100
7358 138
7359 93
7360 129
7361 31
7362 129
7363 129
7364 129
7365 109
7366 64
7367 64
7368 44
7369 135
7370 135
7371 11
7372 127
7373 52
7374 139
7375 52
7376 139
7377 130
7378 14
7379 14
7380 68
7381 149
7382 79
7383 53
7384 7
7385 24
7386 43
7387 130
7388 130
7389 136
7390 130
7391 3
7392 22
7393 22
7394 32
7395 150
7396 150
7397 150
7398 150
7399 94
7400 97
7401 54
7402 129
7403 124
7404 114
7405 114
7406 74
7407 114
7408 54
7409 5
7410 107
7411 23
7412 127
7413 4
7414 43
7415 29
7416 73
7417 96 131 139
7418 49 88 113 128
7419 74
7420 70
7421 86
7422 70
7423 147
7424 61
7425 82
7426 116
7427 43
7428 44
7429 106
7430 28
7431 58
7432 94
7433 145
7434 130
7435 131
7436 26
7437 110
7438 110
7439 110
7440 72
7441 43
7442 91
7443 2
7444 111
7445 111
7446 120
7447 35
7448 36
7449 129
7450 129
7451 95
7452 16
7453 150
7454 21
7455 107
7456 134
7457 71
7458 71
7459 149
7460 79
7461 71
7462 95
7463 122
7464 119
7465 78
7466 111
7467 74
7468 119
7469 62
7470 122
7471 72 81 106
7472 42
7473 53
7474 122
7475 49
7476 41
7477 97
7478 101
7479 97
7480 129
7481 97
7482 108
7483 28
7484 28
7485 55
7486 95
7487 94
7488 92
7489 77
7490 110
7491 116
7492 130
7493 52
7494 111
7495 114
7496 31
7497 111
7498 111
7499 124
7500 96
7501 77
7502 27 107 114
7503 23
7504 37
7505 142
7506 142
7507 79
7508 129
7509 96
7510 142
7511 132
7512 35
7513 33
7514 29
7515 122
7516 132
7517 1
7518 63
7519 90
7520 35
7521 90
7522 90
7523 49
7524 114
7525 85
7526 114
7527 114
7528 146
7529 111
7530 146
7531 148
7532 42
7533 42
7534 42
7535 129
7536 118
7537 70
7538 16
7539 110
7540 79
7541 102
7542 70
7543 35
7544 100
7545 139
7546 96
7547 129
7548 21
7549 5
7550 105
7551 3
7552 129
7553 148
7554 64
7555 103
7556 108
7557 86
7558 19 85 87
7559 1
7560 32
7561 63
7562 130
7563 136
7564 22
7565 130
7566 124
7567 124
7568 135
7569 24
7570 145
7571 85
7572 82
7573 15 54 91
7574 51
7575 30
7576 114
7577 31
7578 72 103 106
7579 77
7580 71
7581 119
7582 129
7583 130
7584 42
7585 122
7586 35
7587 32
7588 32
7589 31
7590 122
7591 66
7592 108
7593 74
7594 74
7595 111
7596 59
7597 95
7598 47
7599 71
7600 149
7601 29
7602 33
7603 131
7604 31
7605 68
7606 31
7607 103
7608 145
7609 5
7610 44
7611 70
7612 139
7613 44
7614 116
7615 11
7616 6
7617 85
7618 32
7619 144
7620 79
7621 43
7622 137
7623 95
7624 68
7625 8
7626 8
7627 139
7628 22
7629 54
7630 71
7631 95
7632 28
7633 117
7634 111
7635 121
7636 118
7637 142
7638 104
7639 14
7640 36
7641 36
7642 36
7643 36
7644 60
7645 22
7646 9
7647 61
7648 103
7649 132
7650 61
7651 68
7652 110
7653 32
7654 32
7655 32
7656 32
7657 72
7658 31
7659 21
7660 31
7661 95
7662 12 86 140
7663 68
7664 96
7665 96
7666 96
7667 96
7668 96
7669 96
7670 96
7671 96
7672 96
7673 96
7674 96
7675 12
7676 96
7677 96
7678 96
7679 96
7680 96
7681 96
7682 96
7683 96
7684 96
7685 94
7686 96
7687 96
7688 96
7689 96
7690 96
7691 101
7692 25
7693 21
7694 132
7695 43
7696 130
7697 43
7698 43
7699 43
7700 43
7701 58
7702 43
7703 51
7704 31
7705 85
7706 15
7707 36
7708 49
7709 130
7710 68
7711 127
7712 139
7713 8
7714 95
7715 83
7716 130
7717 1
7718 50
7719 25
7720 25
7721 25
7722 138
7723 138
7724 19 85 87
7725 127
7726 95
7727 9
7728 16
7729 37
7730 37
7731 103
7732 137
7733 15
7734 15
7735 15
7736 61
7737 61
7738 114
7739 39
7740 71
7741 31
7742 14
7743 143
7744 14
7745 94
7746 130
7747 130
7748 24
7749 139
7750 127
7751 77
7752 22
7753 139
7754 123
7755 44
7756 18
7757 103
7758 93
7759 4
7760 3
7761 111
7762 95
7763 95
7764 95
7765 23
7766 122
7767 32
7768 71
7769 66
7770 86
7771 85
7772 122
7773 111
7774 6
7775 134
7776 138
7777 127
7778 149
7779 14
7780 76
7781 149
7782 42
7783 120
7784 40
7785 119
7786 95
7787 3
7788 95
7789 97
7790 132
7791 25
7792 55
7793 68
7794 111
7795 72
7796 16
7797 43
7798 70
7799 68
7800 3
7801 3
7802 3
7803 3
7804 74
7805 82
7806 75
7807 85
7808 42
7809 42
7810 42
7811 129
7812 114
7813 71
7814 71
7815 19
7816 16
7817 134
7818 119
7819 73
7820 29
7821 25
7822 85
7823 56
7824 29
7825 8
7826 8
7827 8
7828 37
7829 146
7830 1
7831 132
7832 148
7833 37
7834 42
7835 82
7836 62
7837 122
7838 122
7839 83
7840 114
7841 14
7842 105
7843 97
7844 124
7845 124
7846 76
7847 57
7848 27
7849 64
7850 86
7851 99
7852 64
7853 71
7854 92
7855 71
7856 71
7857 69
7858 126
7859 142
7860 52
7861 11
7862 116
7863 111
7864 96
7865 96
7866 96
7867 28
7868 85
7869 31
7870 22
7871 85
7872 149
7873 73
7874 149
7875 149
7876 130
7877 137
7878 71
7879 96
7880 28
7881 110
7882 103
7883 123
7884 138
7885 133
7886 133
7887 14
7888 40
7889 67
7890 47
7891 96
7892 111 119 121 140
7893 130
7894 141
7895 69
7896 116
7897 122
7898 42
7899 117
7900 66
7901 37
7902 37
7903 28
7904 111
7905 111
7906 135
7907 40
7908 43
7909 39
7910 1
7911 71
7912 37
7913 91
7914 91
7915 29
7916 37
7917 120
7918 111
7919 111
7920 29
7921 29
7922 119
7923 88
7924 126
7925 119
7926 5
7927 119
7928 119
7929 143
7930 111
7931 149
7932 97
7933 132
7934 25
7935 25
7936 27
7937 27
7938 33
7939 43
7940 101
7941 127
7942 127
7943 111
7944 111 119 121 140
7945 111
7946 92
7947 111
7948 150
7949 103
7950 114
7951 114
7952 141
7953 129
7954 129
7955 110
7956 82
7957 110
7958 123
7959 94
7960 14
7961 150
7962 138
7963 79
7964 27
7965 51
7966 78
7967 22
7968 148
7969 21
7970 27
7971 9
7972 27
7973 27
7974 95
7975 3
7976 53
7977 120
7978 28
7979 97
7980 97
7981 94
7982 43
7983 139
7984 31
7985 55
7986 31
7987 31
7988 137
7989 137
7990 76
7991 114
7992 44
7993 114
7994 144
7995 144
7996 43
7997 115
7998 35
7999 150
8000 150
8001 29
8002 11
8003 48
8004 24
8005 35
8006 127
8007 127
8008 70
8009 37
8010 39
8011 37
8012 37
8013 14
8014 37
8015 71
8016 71
8017 70
8018 103
8019 42
8020 42
8021 71
8022 64
8023 129
8024 69
8025 91
8026 111
8027 14
8028 139
8029 101
8030 29
8031 51
8032 124
8033 122
8034 91
8035 49
8036 41
8037 120
8038 70
8039 85
8040 85
8041 67
8042 116
8043 70
8044 119
8045 143
8046 39
8047 60
8048 123
8049 37
8050 146
8051 130
8052 119
8053 129
8054 143
8055 7
8056 7
8057 150
8058 3
8059 134
8060 23
8061 7
8062 8
8063 91
8064 21
8065 21
8066 30
8067 72
8068 131
8069 124
8070 149
8071 20
8072 90 101 108
8073 48
8074 114
8075 126
8076 93
8077 51
8078 93
8079 8 64 109
8080 8
8081 82
8082 100
8083 68
8084 77
8085 116
8086 150
8087 100
8088 144
8089 80
8090 112
8091 33
8092 23
8093 51
8094 23
8095 103
8096 110
8097 33 47 102
8098 43
8099 108
8100 145
8101 38
8102 111
8103 37
8104 80
8105 28
8106 143
8107 143
8108 120
8109 124
8110 139
8111 22
8112 132
8113 95
8114 78
8115 78
8116 11
8117 78
8118 28
8119 142
8120 142
8121 134
8122 142
8123 6
8124 125
8125 85
8126 111
8127 38
8128 119
8129 122
8130 122
8131 51 72 122 143
8132 122
8133 71
8134 146
8135 74
8136 79
8137 79
8138 63
8139 133
8140 132
8141 55
8142 130
8143 43
8144 128
8145 62
8146 103
8147 62
8148 99
8149 71
8150 29
8151 31
8152 31
8153 114
8154 150
8155 90
8156 72
8157 4
8158 74
8159 18
8160 134
8161 61
8162 127
8163 73
8164 73
8165 73
8166 78
8167 37
8168 69
8169 145
8170 128
8171 90
8172 43
8173 150
8174 8
8175 150
8176 11
8177 74
8178 129
8179 73
8180 110
8181 101
8182 101
8183 146
8184 114
8185 100
8186 88
8187 25
8188 86
8189 41
8190 71
8191 23
8192 46
8193 122
8194 43
8195 43
8196 143
8197 76
8198 110
8199 77
8200 146
8201 96
8202 25
8203 25
8204 25
8205 17
8206 120
8207 111
8208 120
8209 111
8210 146
8211 130
8212 110
8213 104
8214 49
8215 27
8216 127
8217 115
8218 129
8219 5
8220 85
8221 136
8222 9
8223 116
8224 71
8225 102
8226 47
8227 56
8228 56
8229 28
8230 43
8231 45
8232 135
8233 135
8234 71
8235 71
8236 37
8237 117
8238 26
8239 11
8240 11
8241 52
8242 111
8243 43
8244 3
8245 12
8246 44
8247 44
8248 111
8249 50
8250 113
8251 130
8252 139
8253 35
8254 28
8255 80
8256 28
8257 103
8258 103
8259 103
8260 35
8261 42
8262 124
8263 63
8264 8
8265 97
8266 138
8267 147
8268 29
8269 29
8270 29
8271 29
8272 29
8273 29
8274 141
8275 122
8276 35
8277 35
8278 35
8279 35
8280 96
8281 101
8282 96
8283 9
8284 74
8285 43
8286 138
8287 25
8288 138
8289 35
8290 35
8291 76
8292 68
8293 61
8294 101
8295 43
8296 67
8297 30
8298 50
8299 15
8300 15
8301 138
8302 138
8303 138
8304 135
8305 135
8306 122
8307 42
8308 48
8309 65
8310 148
8311 71
8312 148
8313 35
8314 28
8315 30
8316 1
8317 101
8318 124
8319 124
8320 124
8321 124
8322 143
8323 143
8324 65
8325 37
8326 71
8327 54
8328 124
8329 124
8330 124
8331 98
8332 124
8333 139
8334 139
8335 111
8336 62
8337 14
8338 14
8339 131
8340 34
8341 103
8342 143
8343 80
8344 119
8345 119
8346 119
8347 139
8348 119
8349 87
8350 134
8351 120
8352 71
8353 128
8354 28
8355 22
8356 24
8357 127
8358 127
8359 127
8360 127
8361 39
8362 39
8363 71
8364 129
8365 99
8366 139
8367 55
8368 60
8369 142
8370 124
8371 97
8372 71
8373 50
8374 28
8375 74
8376 28
8377 110
8378 110
8379 146
8380 146
8381 146
8382 31
8383 14
8384 36
8385 68
8386 10
8387 49
8388 53
8389 143
8390 126
8391 64
8392 31
8393 43
8394 43
8395 49
8396 111
8397 36
8398 36
8399 111
8400 143
8401 68
8402 129
8403 129
8404 129
8405 142
8406 55
8407 91
8408 74
8409 129
8410 129
8411 129
8412 129
8413 129
8414 129
8415 20
8416 82
8417 28
8418 117
8419 111
8420 120
8421 111
8422 111
8423 63
8424 25
8425 124
8426 124
8427 129
8428 28
8429 108
8430 35
8431 95
8432 44
8433 43
8434 15
8435 95
8436 25
8437 63
8438 144
8439 142
8440 142
8441 7
8442 54
8443 54
8444 33
8445 101
8446 71
8447 57
8448 74
8449 119
8450 119
8451 46
8452 101
8453 24
8454 127
8455 7
8456 97
8457 97
8458 139
8459 24
8460 95
8461 73
8462 30
8463 97
8464 32
8465 32
8466 32
8467 114
8468 99
8469 67
8470 67
8471 82
8472 117
8473 73
8474 127
8475 21
8476 118
8477 130
8478 4
8479 67
8480 50
8481 11
8482 35
8483 119
8484 111
8485 32
8486 101
8487 118
8488 70
8489 82
8490 55
8491 95
8492 129
8493 129
8494 86
8495 43
8496 61
8497 37
8498 37
8499 37
8500 37
8501 20
8502 134
8503 71
8504 71
8505 130
8506 120
8507 129
8508 123
8509 130
8510 121
8511 111
8512 3
8513 111
8514 70
8515 14
8516 122
8517 122
8518 118
8519 118
8520 122
8521 21
8522 110
8523 142
8524 139
8525 28
8526 74
8527 139
8528 75
8529 138
8530 145
8531 145
8532 40
8533 21
8534 21
8535 21
8536 75
8537 121
8538 129
8539 145
8540 37
8541 21
8542 21
8543 21
8544 90
8545 90
8546 15
8547 117
8548 131
8549 117
8550 117
8551 129
8552 95
8553 111
8554 111
8555 111
8556 111
8557 73
8558 8 64 109
8559 30
8560 103
8561 136
8562 143
8563 129
8564 80
8565 123
8566 28 95 131
8567 27 54 116
8568 56
8569 114
8570 15
8571 51
8572 73
8573 73
8574 73
8575 3
8576 49
8577 71
8578 71
8579 139
8580 46
8581 96
8582 96
8583 132
8584 96
8585 96
8586 85
8587 31
8588 31
8589 31
8590 99
8591 71
8592 99
8593 71
8594 130
8595 21
8596 129
8597 139
8598 55
8599 62
8600 93
8601 147
8602 57
8603 85
8604 116
8605 73
8606 111
8607 111
8608 135
8609 85
8610 12
8611 111
8612 24
8613 39
8614 137
8615 18
8616 132
8617 17 43 45
8618 37
8619 39 41 97
8620 51
8621 43
8622 68
8623 74 92 131
8624 12
8625 138
8626 138
8627 114
8628 123
8629 146
8630 28
8631 28
8632 70
8633 28
8634 117
8635 117
8636 1
8637 149
8638 111
8639 111
8640 91
8641 71
8642 61
8643 61
8644 114
8645 126
8646 114
8647 114
8648 76
8649 47
8650 27 54 116
8651 44
8652 32
8653 18
8654 148
8655 18
8656 43
8657 43
8658 43
8659 43
8660 43
8661 124
8662 145
8663 43
8664 55
8665 74
8666 71
8667 97
8668 15
8669 139
8670 61
8671 28
8672 82
8673 82
8674 51
8675 8
8676 24
8677 67
8678 95
8679 126
8680 127
8681 7
8682 130
8683 129
8684 129
8685 146
8686 105
8687 110
8688 125
8689 43
8690 7
8691 131
8692 39
8693 39
8694 148
8695 148
8696 129
8697 92
8698 68
8699 71
8700 31
8701 76
8702 130
8703 130
8704 130
8705 27
8706 74
8707 74
8708 112
8709 49
8710 24
8711 142
8712 111
8713 111
8714 57 58 104 111
8715 111
8716 79
8717 141
8718 62
8719 63
8720 69
8721 7
8722 100
8723 100
8724 47
8725 43
8726 47
8727 47
8728 55
8729 118
8730 118
8731 7
8732 122
8733 119
8734 18
8735 115
8736 16
8737 111
8738 111
8739 62
8740 99
8741 71
8742 27
8743 55
8744 36
8745 28
8746 79
8747 43
8748 129
8749 129
8750 129
8751 129
8752 129
8753 138
8754 145
8755 137
8756 114
8757 28
8758 37
8759 85
8760 122
8761 122
8762 62
8763 125
8764 90
8765 50
8766 28
8767 104
8768 124
8769 78
8770 33
8771 85
8772 32
8773 85
8774 53
8775 85
8776 85
8777 85
8778 50
8779 138
8780 138
8781 40
8782 3
8783 105
8784 67
8785 37
8786 142
8787 111
8788 111
8789 111
8790 22
8791 28
8792 97 104 131
8793 142
8794 55
8795 55
8796 73
8797 15
8798 37
8799 11
8800 65
8801 72
8802 90
8803 90
8804 70
8805 43
8806 49
8807 40
8808 79
8809 28
8810 134
8811 100
8812 18
8813 100
8814 100
8815 139
8816 129
8817 47
8818 47
8819 129
8820 16
8821 6
8822 71
8823 71
8824 51
8825 84
8826 71
8827 24
8828 24
8829 35
8830 24
8831 54
8832 54
8833 54
8834 54
8835 116
8836 55
8837 55
8838 55
8839 55
8840 33
8841 55
8842 72
8843 129
8844 55
8845 55
8846 120
8847 37
8848 135
8849 43
8850 61
8851 49
8852 14
8853 108
8854 43
8855 109
8856 21
8857 16
8858 85
8859 143
8860 96
8861 82
8862 43
8863 95
8864 148
8865 130
8866 117
8867 51
8868 130
8869 146
8870 11
8871 101
8872 101
8873 98
8874 101
8875 101
8876 43
8877 43
8878 43
8879 43
8880 140
8881 107
8882 70
8883 30
8884 30
8885 64
8886 108
8887 17
8888 99
8889 27
8890 34
8891 91
8892 90
8893 80
8894 37
8895 30
8896 70
8897 30
8898 146
8899 107
8900 30
8901 30
8902 12
8903 71
8904 139
8905 139
8906 67
8907 6
8908 129
8909 43
8910 101
8911 61
8912 61
8913 54
8914 130
8915 134
8916 82
8917 17
8918 79
8919 37
8920 11
8921 27
8922 85
8923 135
8924 143
8925 25
8926 25
8927 72
8928 55
8929 37
8930 44
8931 18
8932 44
8933 44
8934 124
8935 106
8936 109
8937 136
8938 124
8939 120
8940 122
8941 43
8942 41 54 104
8943 135
8944 118
8945 28
8946 143
8947 145
8948 55
8949 131
8950 131
8951 49
8952 28
8953 127
8954 42
8955 95
8956 43
8957 43
8958 139
8959 103
8960 55
8961 122
8962 139
8963 122
8964 71
8965 46
8966 71
8967 64 72 90
8968 28
8969 67
8970 71
8971 143
8972 127
8973 35 97 127
8974 92
8975 29
8976 106
8977 29
8978 29
8979 43
8980 43
8981 43
8982 43
8983 133
8984 133
8985 4
8986 133
8987 32
8988 35
8989 65
8990 146
8991 99
8992 37
8993 37
8994 37
8995 39
8996 111
8997 62
8998 79
8999 96
9000 96
9001 16
9002 129
9003 27
9004 27
9005 145
9006 36
9007 129
9008 104
9009 100
9010 73
9011 73
9012 108
9013 149
9014 20
9015 132
9016 28
9017 28
9018 28
9019 121
9020 4
9021 17
9022 36
9023 82
9024 150
9025 28
9026 79
9027 144
9028 144
9029 37
9030 130
9031 118
9032 143
9033 53
9034 1
9035 1
9036 13
9037 93
9038 86
9039 11
9040 146
9041 11
9042 11
9043 49
9044 3
9045 116
9046 53
9047 85
9048 97
9049 138
9050 86
9051 86
9052 28
9053 6
9054 144
9055 51
9056 51
9057 116
9058 11
9059 70
9060 70
9061 127
9062 70
9063 51
9064 54
9065 67
9066 130
9067 62
9068 63
9069 63
9070 63
9071 137
9072 15
9073 15
9074 129
9075 11
9076 11
9077 71
9078 81
9079 15
9080 116
9081 55
9082 55
9083 11
9084 25
9085 150
9086 17
9087 28
9088 28
9089 115
9090 3
9091 103
9092 28
9093 76
9094 76
9095 61
9096 61
9097 9
9098 49
9099 7
9100 72
9101 67
9102 67
9103 23
9104 63
9105 63
9106 85
9107 137
9108 101
9109 130
9110 93
9111 119
9112 55
9113 18
9114 18
9115 11
9116 33 35 123 147
9117 42
9118 129
9119 28
9120 28
9121 46
9122 76
9123 54 72 79
9124 76
9125 70
9126 43
9127 8
9128 74
9129 8
9130 8
9131 145
9132 8
9133 8
9134 37
9135 37
9136 18
9137 37
9138 53
9139 37
9140 22
9141 36
9142 66
9143 64
9144 49
9145 120
9146 141
9147 70
9148 70
9149 147
9150 31
9151 29
9152 11
9153 11
9154 55
9155 55
9156 142
9157 142
9158 142
9159 142
9160 142
9161 31
9162 61
9163 71
9164 51
9165 96
9166 70
9167 145
9168 86
9169 109
9170 86
9171 25
9172 102
9173 132
9174 82
9175 82
9176 69
9177 82
9178 123
9179 143
9180 143
9181 15 31 39
9182 146
9183 150
9184 13
9185 150
9186 139
9187 108
9188 90 101 108
9189 108
9190 97 104 131
9191 128
9192 129
9193 129
9194 93
9195 93
9196 77
9197 130
9198 85
9199 24
9200 28
9201 91
9202 88
9203 108
9204 130
9205 130
9206 142
9207 89
9208 37
9209 82
9210 129
9211 1
9212 149
9213 27
9214 12
9215 92
9216 39
9217 39
9218 1
9219 39
9220 143
9221 129
9222 129
9223 3
9224 128
9225 115
9226 102
9227 146
9228 82
9229 37
9230 37
9231 139
9232 32
9233 25
9234 114
9235 52
9236 85
9237 37
9238 11
9239 138
9240 16
9241 144
9242 114
9243 114
9244 114
9245 36
9246 148
9247 95
9248 95
9249 116
9250 54
9251 43
9252 20
9253 55
9254 102
9255 85
9256 85
9257 53
9258 85
9259 121
9260 149
9261 77
9262 70
9263 4
9264 56
9265 29
9266 67
9267 6
9268 7
9269 127
9270 127
9271 49
9272 7
9273 80
9274 11
9275 43
9276 37
9277 2
9278 111
9279 111
9280 83
9281 65
9282 89
9283 43
9284 43
9285 43
9286 43
9287 62
9288 43
9289 129
9290 33
9291 22
9292 22
9293 145
9294 16
9295 143
9296 85
9297 97
9298 85
9299 61
9300 147
9301 51
9302 96
9303 94
9304 28
9305 64
9306 119
9307 51
9308 32
9309 60
9310 27
9311 27
9312 27
9313 33
9314 28
9315 95
9316 90
9317 106
9318 117
9319 145
9320 72
9321 3
9322 3
9323 129
9324 125
9325 3
9326 64
9327 28
9328 63
9329 63
9330 63
9331 150
9332 150
9333 134
9334 71
9335 71
9336 147
9337 55
9338 115
9339 131
9340 23
9341 136
9342 23
9343 28
9344 129
9345 149
9346 149
9347 67
9348 128
9349 53
9350 11
9351 17
9352 31
9353 17
9354 82
9355 71
9356 71
9357 49
9358 119
9359 142
9360 142
9361 64
9362 139
9363 55
9364 29
9365 67
9366 101
9367 53
9368 64
9369 128
9370 29
9371 71
9372 35
9373 114
9374 114
9375 114
9376 114
9377 114
9378 146
9379 74
9380 4
9381 115
9382 129
9383 73
9384 31
9385 8
9386 29
9387 101
9388 71
9389 127
9390 82
9391 25
9392 111
9393 22
9394 80
9395 107
9396 44
9397 43
9398 37
9399 41
9400 96
9401 12 86 140
9402 87
9403 111
9404 0
9405 46
9406 130
9407 28
9408 39
9409 39
9410 42
9411 43
9412 85
9413 147
9414 71
9415 71
9416 71
9417 122
9418 127
9419 127
9420 127
9421 127
9422 17 88 107
9423 64
9424 68
9425 43
9426 14
9427 43
9428 101
9429 142
9430 94
9431 95
9432 43
9433 110
9434 110
9435 32
9436 110
9437 141
9438 110
9439 110
9440 110
9441 26
9442 11
9443 59
9444 101
9445 23
9446 145
9447 55
9448 116
9449 82
9450 129
9451 44
9452 108
9453 35
9454 91
9455 82
9456 138
9457 11
9458 37
9459 70
9460 37
9461 146
9462 100
9463 22
9464 130
9465 3
9466 108
9467 71
9468 71
9469 32
9470 3
9471 78
9472 55
9473 55
9474 80
9475 122
9476 119
9477 1
9478 131
9479 15
9480 62
9481 43
9482 100
9483 131
9484 108
9485 35
9486 35
9487 131
9488 27
9489 25
9490 122
9491 124
9492 75
9493 43
9494 4 32 146
9495 85
9496 129
9497 36
9498 36
9499 148
9500 117
9501 91
9502 26
9503 37
9504 139
9505 79
9506 29
9507 48
9508 124
9509 70
9510 59
9511 111
9512 37
9513 43
9514 37
9515 37
9516 101
9517 76
9518 83
9519 111
9520 55
9521 14
9522 14
9523 14
9524 14
9525 14
9526 122
9527 122
9528 24
9529 97
9530 97
9531 72
9532 82
9533 135
9534 8
9535 71
9536 142
9537 28
9538 139
9539 122
9540 43
9541 43
9542 43
9543 14
9544 64
9545 111
9546 64
9547 25
9548 129
9549 119
9550 108
9551 139
9552 3
9553 49
9554 3
9555 3
9556 75
9557 3
9558 122
9559 11
9560 71
9561 31
9562 51
9563 95
9564 70
9565 54
9566 31
9567 85
9568 14
9569 70
9570 111
9571 109
9572 111
9573 111
9574 118
9575 145
9576 145
9577 1
9578 55
9579 43
9580 54
9581 78
9582 78
9583 27
9584 95
9585 89
9586 43
9587 80
9588 124
9589 11
9590 101
9591 101
9592 101
9593 85
9594 44
9595 116
9596 73
9597 116
9598 28
9599 28
9600 15
9601 126
9602 103
9603 63
9604 22
9605 22
9606 47
9607 47
9608 54
9609 86
9610 71
9611 71
9612 71
9613 74
9614 129
9615 110
9616 110
9617 125
9618 125
9619 125
9620 125
9621 8
9622 36
9623 11
9624 110
9625 144
9626 101
9627 124
9628 150
9629 118
9630 43
9631 43
9632 149
9633 70
9634 12
9635 96
9636 25
9637 30
9638 30
9639 116
9640 55
9641 47
9642 20
9643 149
9644 125
9645 127
9646 69
9647 71
9648 101
9649 67
9650 130
9651 67
9652 71
9653 18
9654 3
9655 71
9656 12
9657 135
9658 130
9659 130
9660 130
9661 27
9662 4
9663 96
9664 96
9665 94
9666 130
9667 94
9668 94
9669 94
9670 14
9671 146
9672 29
9673 29
9674 71
9675 97
9676 54
9677 54
9678 54
9679 27
9680 64
9681 131
9682 134
9683 72
9684 73
9685 73
9686 71
9687 37
9688 139
9689 43
9690 37
9691 74
9692 74
9693 74
9694 80
9695 118
9696 101
9697 101
9698 145
9699 94
9700 37
9701 101
9702 37
9703 119
9704 119
9705 20
9706 64
9707 30
9708 64
9709 111
9710 39
9711 39
9712 111
9713 130
9714 8
9715 74
9716 109
9717 82
9718 74
9719 119
9720 123
9721 114
9722 114
9723 68
9724 99
9725 108
9726 49
9727 97
9728 74
9729 74
9730 74
9731 74
9732 74
9733 8
9734 96
9735 143
9736 140
9737 3
9738 3
9739 128
9740 122
9741 132
9742 0
9743 25
9744 54
9745 111
9746 135
9747 74
9748 102
9749 44
9750 110
9751 114
9752 92
9753 131
9754 55
9755 103
9756 145
9757 28
9758 28
9759 73
9760 28
9761 28
9762 25
9763 25
9764 38
9765 120
9766 88
9767 90
9768 94
9769 42
9770 79
9771 79
9772 132
9773 79
9774 129
9775 129
9776 55
9777 25
9778 111
9779 111
9780 91
9781 85
9782 85
9783 3
9784 127
9785 3
9786 26
9787 11
9788 84
9789 71
9790 71
9791 15
9792 15
9793 53
9794 70
9795 122
9796 88
9797 80
9798 2
9799 19
9800 145
9801 28
9802 65
9803 142
9804 142
9805 63
9806 63
9807 63
9808 8
9809 30
9810 111
9811 27
9812 88
9813 82
9814 24
9815 136
9816 24
9817 93
9818 50
9819 93
9820 7
9821 88
9822 7
9823 71
9824 71
9825 71
9826 28
9827 55
9828 109
9829 2
9830 68
9831 123
9832 21
9833 16
9834 64
9835 64
9836 116
9837 37
9838 92
9839 35
9840 62
9841 38
9842 34
9843 70
9844 136
9845 73
9846 73
9847 27
9848 27
9849 27
9850 65
9851 74
9852 63
9853 85
9854 128
9855 35
9856 85
9857 68
9858 18
9859 18
9860 23
9861 129
9862 114
9863 23
9864 44
9865 30
9866 31
9867 31
9868 31
9869 39
9870 82
9871 93
9872 47
9873 42
9874 15
9875 15
9876 47
9877 43
9878 117
9879 62
9880 113
9881 30
9882 144
9883 144
9884 128
9885 144
9886 101
9887 138
9888 138
9889 138
9890 78
9891 74
9892 49
9893 143
9894 40
9895 14
9896 85
9897 125
9898 28
9899 111
9900 72
9901 82
9902 28
9903 35
9904 35
9905 129
9906 135
9907 129
9908 101
9909 101
9910 94
9911 150
9912 109
9913 144
9914 43
9915 43
9916 43
9917 67
9918 15
9919 82
9920 82
9921 145
9922 32
9923 56
9924 127
9925 127
9926 28
9927 28
9928 31
9929 28
9930 99
9931 74
9932 90
9933 114
9934 22
9935 145
9936 27
9937 27
9938 54
9939 103
9940 28
9941 93
9942 93
9943 7
9944 7
9945 37
9946 37
9947 37
9948 16
9949 83
9950 72
9951 82
9952 130
9953 130
9954 43
9955 55
9956 141
9957 58
9958 42
9959 70
9960 41
9961 99
9962 70
9963 70
9964 111
9965 17
9966 103
9967 103
9968 103
9969 103
9970 91
9971 103
9972 23
9973 42
9974 42
9975 71
9976 139
9977 52
9978 74
9979 18
9980 119
9981 145
9982 145
9983 80
9984 11
9985 93
9986 111
9987 71
9988 8
9989 42
9990 37
9991 15 41 69
9992 37
9993 123
9994 68
9995 111
9996 135
9997 32
9998 111
9999 91
10000 122
10001 129
10002 55
10003 22
10004 49
10005 41 116 136
10006 62
10007 62
10008 120
10009 71
10010 57
10011 71
10012 91
10013 91
10014 150
10015 45
10016 63
10017 122
10018 27
10019 22
10020 130
10021 82
10022 133
10023 39
10024 96
10025 73
10026 97
10027 97
10028 47
10029 82
10030 57
10031 86
10032 16
10033 129
10034 116
10035 43
10036 108
10037 71
10038 71
10039 62
10040 77
10041 40
10042 110
10043 110
10044 110
10045 111
10046 14
10047 71
10048 80
10049 80
10050 80
10051 0
10052 111
10053 111
10054 138
10055 114
10056 74
10057 58
10058 32
10059 74
10060 103
10061 70
10062 150
10063 70
10064 29
10065 29
10066 31
10067 35
10068 149
10069 49
10070 149
10071 124
10072 124
10073 122
10074 122
10075 122
10076 108
10077 96
10078 94
10079 52
10080 118
10081 41
10082 69
10083 69
10084 69
10085 27
10086 71
10087 99
10088 71
10089 122
10090 103
10091 35
10092 37
10093 129
10094 122
10095 32
10096 32
10097 67
10098 74
10099 13 45 51
10100 82
10101 96
10102 96
10103 96
10104 70
10105 44
10106 129
10107 142
10108 110
10109 136
10110 111
10111 136
10112 71
10113 0
10114 72
10115 118
10116 118
10117 118
10118 120
10119 37
10120 72
10121 43
10122 72
10123 116
10124 36
10125 36
10126 67
10127 57
10128 123
10129 57
10130 61
10131 101
10132 39
10133 19
10134 118
10135 109
10136 110
10137 25
10138 83
10139 24
10140 76
10141 117
10142 18
10143 14
10144 4
10145 101
10146 9
10147 55
10148 24
10149 72
10150 72
10151 93
10152 27
10153 27
10154 129
10155 95
10156 18
10157 120
10158 120
10159 62
10160 107
10161 62
10162 143
10163 143
10164 143
10165 143
10166 73
10167 73
10168 111
10169 79
10170 43
10171 90
10172 43
10173 70
10174 82
10175 24
10176 118
10177 140
10178 72
10179 128
10180 126
10181 51
10182 103
10183 71
10184 71
10185 43
10186 80
10187 30
10188 103
10189 8
10190 27
10191 27
10192 28
10193 149
10194 149
10195 149
10196 149
10197 116
10198 91
10199 71
10200 71
10201 35
10202 35
10203 111
10204 129
10205 129
10206 129
10207 129
10208 43
10209 43
10210 95
10211 122
10212 122
10213 111
10214 129
10215 71
10216 71
10217 4
10218 108
10219 30
10220 85
10221 113
10222 94
10223 120
10224 111
10225 28
10226 28
10227 70
10228 108
10229 40
10230 144
10231 129
10232 49
10233 132
10234 134
10235 36
10236 96
10237 145
10238 79
10239 145
10240 99
10241 42
10242 129
10243 96 131 139
10244 86
10245 43
10246 96
10247 68
10248 80
10249 145
10250 36
10251 97
10252 3
10253 27
10254 70
10255 70
10256 70
10257 37
10258 95
10259 129
10260 146
10261 129
10262 129
10263 129
10264 71
10265 60 88 112 132
10266 54
10267 54
10268 134
10269 31
10270 16
10271 11
10272 103
10273 24
10274 103
10275 120
10276 111
10277 123
10278 93
10279 93
10280 71
10281 129
10282 84
10283 14
10284 129
10285 131
10286 23
10287 70
10288 31
10289 71
10290 71
10291 84
10292 111
10293 33
10294 28
10295 28
10296 43
10297 43
10298 43
10299 10
10300 31
10301 31
10302 23
10303 23
10304 43
10305 93
10306 43
10307 29
10308 29
10309 29
10310 29
10311 29
10312 29
10313 29
10314 29
10315 29
10316 29
10317 80
10318 145
10319 85
10320 3
10321 143
10322 85
10323 85
10324 27
10325 27
10326 142
10327 58
10328 39
10329 79
10330 14
10331 70
10332 121
10333 70
10334 70
10335 70
10336 70
10337 25
10338 146
10339 129
10340 129
10341 129
10342 145
10343 129
10344 129
10345 93
10346 93
10347 124
10348 68
10349 70
10350 32
10351 70
10352 49
10353 35
10354 118
10355 145
10356 145
10357 23
10358 23
10359 118
10360 36
10361 32
10362 72 103 106
10363 112
10364 18
10365 18
10366 131
10367 135
10368 135
10369 129
10370 93
10371 74
10372 28
10373 67
10374 79
10375 31
10376 117
10377 31
10378 111
10379 6
10380 124
10381 132
10382 132
10383 32
10384 37
10385 30
10386 30
10387 31
10388 35
10389 132
10390 29
10391 87
10392 43
10393 79
10394 101
10395 79
10396 79
10397 111
10398 79
10399 31
10400 35
10401 31
10402 132
10403 120
10404 60
10405 22
10406 148
10407 73
10408 96
10409 113
10410 59
10411 113
10412 113
10413 113
10414 148
10415 108
10416 30
10417 30
10418 0
10419 70
10420 95
10421 142
10422 86
10423 82
10424 20
10425 79
10426 94
10427 94
10428 94
10429 124
10430 35
10431 28
10432 28
10433 28
10434 71
10435 102
10436 1
10437 30
10438 145
10439 30
10440 124
10441 131
10442 50
10443 142
10444 142
10445 52
10446 90
10447 23
10448 31
10449 88
10450 111
10451 111
10452 110
10453 124
10454 32
10455 72 103 106
10456 145
10457 85
10458 61
10459 61
10460 137
10461 23
10462 137
10463 136
10464 12
10465 28
10466 88
10467 137
10468 137
10469 23
10470 136
10471 129
10472 142
10473 23
10474 32
10475 3
10476 73
10477 20
10478 15
10479 70
10480 144
10481 86
10482 99
10483 86
10484 99
10485 51
10486 39
10487 44
10488 117
10489 71
10490 93
10491 123
10492 36
10493 132
10494 79
10495 129
10496 79
10497 75
10498 133
10499 120
10500 133
10501 74
10502 72
10503 37
10504 133
10505 109
10506 120
10507 71
10508 79
10509 76
10510 71
10511 71
10512 91
10513 0
10514 114
10515 113
10516 114
10517 28
10518 100
10519 129
10520 129
10521 129
10522 73
10523 36
10524 129
10525 117
10526 91
10527 129
10528 91
10529 28
10530 139
10531 28
10532 145
10533 145
10534 142
10535 99
10536 28
10537 72
10538 29
10539 29
10540 44
10541 30
10542 74
10543 39
10544 37
10545 23
10546 99
10547 91
10548 129
10549 18
10550 129
10551 129
10552 129
10553 99
10554 49
10555 141
10556 7
10557 111
10558 129
10559 129
10560 129
10561 129
10562 129
10563 129
10564 129
10565 99
10566 14
10567 91
10568 14
10569 6
10570 100
10571 23
10572 23
10573 23
10574 23
10575 23
10576 82
10577 49
10578 138
10579 128
10580 111
10581 111
10582 82
10583 4
10584 23
10585 123
10586 91
10587 14
10588 91
10589 91
10590 88
10591 113
10592 39
10593 134
10594 91
10595 91
10596 91
10597 6
10598 28
10599 117
10600 117
10601 117
10602 117
10603 117
10604 117
10605 117
10606 23
10607 120
10608 39
10609 49
10610 93
10611 93
10612 130
10613 110
10614 110
10615 93
10616 137
10617 79
10618 99
10619 79
10620 72
10621 86
10622 129
10623 22
10624 74
10625 80
10626 17
10627 21
10628 84
10629 50
10630 44
10631 79
10632 55
10633 55
10634 85
10635 72
10636 54
10637 54
10638 54
10639 54
10640 111
10641 75
10642 93
10643 93
10644 91
10645 148
10646 150
10647 131
10648 122
10649 86
10650 145
10651 79
10652 79
10653 47
10654 70
10655 103
10656 40
10657 142
10658 143
10659 14
10660 114
10661 72
10662 72
10663 49
10664 129
10665 129
10666 134
10667 149
10668 96
10669 37
10670 37
10671 132
10672 11
10673 114
10674 101
10675 111
10676 55 75 80
10677 111
10678 111
10679 111
10680 72
10681 28
10682 91
10683 91
10684 133
10685 62
10686 63
10687 62
10688 41
10689 16
10690 149
10691 149
10692 14
10693 55
10694 19
10695 101
10696 47
10697 111
10698 35
10699 35
10700 71
10701 99
10702 71
10703 28
10704 28
10705 93
10706 91
10707 91
10708 91
10709 91
10710 111
10711 83
10712 111
10713 111
10714 28
10715 8 29 113
10716 11
10717 111
10718 72
10719 14
10720 14
10721 110
10722 45
10723 28
10724 129
10725 25
10726 27
10727 111
10728 118
10729 118
10730 118
10731 129
10732 129
10733 130
10734 130
10735 59
10736 129
10737 142
10738 37
10739 78
10740 12
10741 4
10742 37
10743 116
10744 27
10745 129
10746 14
10747 129
10748 129
10749 68
10750 55
10751 71
10752 60
10753 18
10754 111
10755 117
10756 13
10757 13
10758 51
10759 146
10760 42
10761 65
10762 114
10763 113
10764 110
10765 110
10766 17
10767 40
10768 40
10769 93
10770 127
10771 93
10772 18
10773 18
10774 84
10775 11
10776 7
10777 82
10778 60
10779 61
10780 103
10781 27
10782 16
10783 96
10784 42
10785 89
10786 89
10787 101
10788 89
10789 139
10790 148
10791 49
10792 115
10793 127
10794 80
10795 127
10796 132
10797 132
10798 132
10799 132
10800 147
10801 103
10802 15 41 69
10803 61
10804 61
10805 39
10806 142
10807 50
10808 130
10809 49
10810 27
10811 31
10812 71
10813 99
10814 114
10815 134
10816 25
10817 25
10818 131
10819 39
10820 78
10821 49
10822 122
10823 122
10824 122
10825 122
10826 31
10827 31
10828 117
10829 31
10830 73
10831 139
10832 114
10833 150
10834 150
10835 18
10836 78
10837 142
10838 136
10839 136
10840 71
10841 102
10842 68
10843 79
10844 117
10845 69
10846 149
10847 28
10848 23
10849 23
10850 23
10851 142
10852 118
10853 23
10854 78
10855 78
10856 78
10857 28
10858 40
10859 28
10860 79
10861 47
10862 117
10863 42
10864 37
10865 37
10866 37
10867 73
10868 73
10869 55
10870 55
10871 149
10872 142
10873 81
10874 49
10875 49
